V 51
K 7468887480 tst1
Y 0
D 0 0 1700 1100
Z 1
i 4802
N 4796
J 1100 115 2
J 1000 115 1
S 2 1
L 1010 115 14 0 3 0 1 0 WC_ERR
N 4797
J 1100 135 2
J 1000 135 1
S 2 1
L 1010 135 14 0 3 0 1 0 DVRX_SPWD_ERR
N 4798
J 1100 95 2
J 1000 95 1
S 2 1
L 1010 95 14 0 3 0 1 0 MISS_TRG_TRAIL
N 4766
J 915 515 1
J 1015 515 2
S 1 2
L 925 515 14 0 3 0 1 0 MISS_TRG_TRAIL
N 4768
J 1015 495 2
J 915 495 1
S 2 1
L 925 495 14 0 3 0 1 0 DMB_L1ERR
N 4771
J 915 555 1
J 1015 555 2
S 1 2
L 925 555 14 0 3 0 1 0 DVRX_SPWD_ERR
N 4754
J 1300 370 2
J 1235 370 1
S 2 1
L 1240 370 14 0 3 0 1 0 OETRAIL
N 4738
J 1585 525 8
J 1600 525 9
J 1600 580 9
J 1200 580 9
J 1200 535 9
J 1220 535 8
B 5 6
B 5 4
B 4 3
L 1345 585 18 0 3 0 1 0 CSC_PROBS_UPDATE[14:0]
B 2 3
B 1 2
N 4736
J 1220 495 2
J 1180 495 1
S 2 1
L 1190 495 15 0 3 0 1 0 CLK
N 4737
J 1340 535 8
J 1505 535 8
B 1 2
L 1355 540 14 0 3 0 1 0 CSC_PROBS[14:0]
N 4740
J 1505 515 8
J 1475 515 9
J 1475 500 9
J 1345 500 7
B 2 1
B 3 2
B 4 3
L 1345 505 18 0 3 0 1 0 L2DMB_RD[14:0]
N 4742
J 1260 350 1
J 1300 350 2
S 1 2
L 1270 350 15 0 3 0 1 0 CLK
N 4743
J 1300 320 2
J 1260 320 1
S 2 1
L 1270 320 15 0 3 0 1 0 RST
N 4747
J 1235 390 8
J 1300 390 8
B 1 2
L 1220 395 14 0 3 0 1 0 PROB_FB[14:0]
I 4748 15OR2 1 1155 360 0 1 '
C 4745 2 21 0
C 4746 4 9 0
C 4747 1 10 0
I 4749 FD15CE 1 1300 310 0 1 '
C 4742 2 3 0
C 4754 1 7 0
C 4743 1 8 0
C 4747 2 1 0
C 4741 2 4 0
I 4752 15OR2 1 1505 495 0 1 '
C 4738 1 10 0
C 4740 1 9 0
C 4737 2 21 0
I 4730 virtex2p:FDCE 1 545 650 0 1 '
C 4721 1 3 0
C 4722 1 2 0
C 4731 1 6 0
C 4614 2 1 0
C 4653 3 4 0
N 4729
J 50 425 1
J 125 425 2
S 1 2
L 65 425 14 0 3 0 1 0 RST
N 4674
J 65 385 1
J 125 385 2
S 1 2
L 70 385 14 0 3 0 1 0 TF_SIG
N 4673
J 125 405 2
J 50 405 1
S 2 1
L 60 405 14 0 3 0 1 0 NEW_DMB
N 4698
J 30 765 7
J 145 765 7
B 1 2
L 30 770 14 0 3 0 1 0 DMB_MOVLP-1_[4:0]
N 4721
J 545 690 2
J 525 690 1
S 2 1
L 530 690 14 0 3 0 1 0 CLK
N 4722
J 545 710 2
J 470 710 1
S 2 1
L 475 710 14 0 3 0 1 0 LSECOND_HDR
I 4716 virtex2p:OR2B1 1 320 80 0 1 '
C 4711 2 10 0
C 4715 1 9 0
C 4714 2 7 0
N 4714
J 260 100 1
J 320 100 2
S 1 2
L 265 100 14 0 3 0 1 0 TF_SIG
N 4715
J 320 120 2
J 245 120 1
S 2 1
L 255 120 14 0 3 0 1 0 LNEW_DMB
N 4706
J 385 180 1
J 490 180 2
S 1 2
L 390 180 20 0 3 0 1 0 DCRC_ERR
N 4707
J 490 140 2
J 415 140 1
S 2 1
L 425 140 14 0 3 0 1 0 CLK
N 4708
J 415 160 1
J 490 160 2
S 1 2
L 420 160 14 0 3 0 1 0 COMP_DCRC
I 4709 virtex2p:FDRE 1 490 100 0 1 '
C 4711 1 6 0
C 4710 2 4 0
C 4706 2 1 0
C 4708 2 2 0
C 4707 1 3 0
N 4701
J 150 150 2
J 75 150 1
S 2 1
L 80 150 14 0 3 0 1 0 LGOODDAT
N 4702
J 50 170 1
J 150 170 2
S 1 2
L 55 170 14 0 3 0 1 0 LGOOD_1ST_TR
N 4672
J 205 405 2
J 290 405 1
S 1 2
L 190 405 14 0 3 0 1 0 NEW_TFDMB
N 4667
J 205 295 2
J 290 295 1
S 1 2
L 190 295 14 0 3 0 1 0 L2NEW_TFDMB
N 4668
J 125 305 2
J 50 305 1
S 2 1
L 60 305 14 0 3 0 1 0 L2NEW_DMB
N 4661
J 770 690 2
J 750 690 1
S 2 1
L 755 690 14 0 3 0 1 0 CLK
N 4648
J 385 760 2
J 310 760 1
S 2 1
L 315 760 14 0 3 0 1 0 KILL_TFSIG
N 4647
J 315 700 2
J 385 700 2
S 1 2
L 315 700 14 0 3 0 1 0 CFEB_DAV
N 4638
J 505 920 2
J 405 920 1
S 2 1
L 410 920 14 0 3 0 1 0 GOOD_2ND_HDR
N 4636
J 345 890 2
J 280 890 1
S 2 1
L 290 890 14 0 3 0 1 0 DOUT11
N 4635
J 280 910 1
J 345 910 2
S 1 2
L 290 910 14 0 3 0 1 0 DOUT9
N 4634
J 345 930 2
J 280 930 1
S 2 1
L 290 930 14 0 3 0 1 0 DOUT7
I 4631 virtex2p:OR6 1 345 870 0 1 '
C 4634 1 3 0
C 4632 2 1 0
C 4642 2 6 0
C 4622 1 8 0
C 4623 1 7 0
C 4635 2 4 0
C 4636 1 5 0
N 4620
J 90 970 1
J 140 970 2
S 1 2
L 100 970 14 0 3 0 1 0 DOUT43
N 4623
J 345 970 2
J 260 970 2
S 2 1
L 285 970 14 0 3 0 1 0 LDOUT43
N 4603
J 1020 875 7
J 1145 875 8
B 1 2
L 1020 880 18 0 3 0 1 0 LSUM_TFERR[14:0]
N 4605
J 1355 875 1
J 1225 875 2
S 2 1
L 1210 875 20 0 3 0 1 0 TF_CRIT_ERR
N 4600
J 1400 740 2
J 1325 740 1
S 2 1
L 1330 740 20 0 3 0 1 0 TF_SIG
N 4448
J 1400 720 2
J 1380 720 1
S 2 1
L 1385 720 14 0 3 0 1 0 CLK
N 4153
J 1655 965 8
J 1665 965 9
J 1665 1040 9
J 1300 1040 9
J 1300 975 9
J 1320 975 8
B 2 3
B 1 2
B 5 4
B 5 6
B 4 3
L 1360 1045 18 0 3 0 1 0 SUM_TFERR_UPD[14:0]
I 111 PAGE 1 0 0 0 1 '
I 4156 FD15CE 1 1320 895 0 1 '
C 4158 2 3 0
C 4161 2 7 0
C 4157 1 8 0
C 4153 6 1 0
C 4154 2 4 0
I 4160 15OR2 1 1575 935 0 1 '
C 4153 1 10 0
C 4155 4 9 0
C 4154 1 21 0
N 4155
J 1405 885 7
J 1555 885 9
J 1555 955 9
J 1575 955 8
B 2 3
B 3 4
B 1 2
L 1410 890 18 0 3 0 1 0 L2DMB_RD[14:0]
N 4161
J 1135 955 1
J 1320 955 2
S 1 2
L 1135 955 20 0 3 0 1 0 SUM_TFERR
N 4154
J 1575 975 8
J 1440 975 8
B 2 1
L 1430 980 20 0 3 0 1 0 LSUM_TFERR[14:0]
N 4599
J 1345 760 2
J 1400 760 2
S 1 2
L 1330 760 20 0 3 0 1 0 TF_ERR
N 4445
J 1260 825 3
J 1260 780 3
J 1610 825 3
J 1520 760 2
J 1610 760 3
J 1265 780 2
S 2 6
S 5 3
S 4 5
L 1510 760 20 0 3 0 1 0 LTF_ERR
S 2 1
S 1 3
N 4617
J 140 990 2
J 90 990 1
S 2 1
L 100 990 14 0 3 0 1 0 DOUT42
N 4158
J 1285 935 1
J 1320 935 2
S 1 2
L 1295 935 18 0 3 0 1 0 CLK
I 4621 virtex2p:FD4CE 1 140 850 0 1 '
C 4622 2 15 0
C 4623 2 16 0
C 4620 2 17 0
C 4617 1 18 0
X 19 0
X 20 0
X 21 0
X 22 0
C 4628 2 13 0
C 4630 1 14 0
C 4629 2 3 0
N 4632
J 280 950 1
J 345 950 2
S 1 2
L 290 950 14 0 3 0 1 0 DOUT5
N 4628
J 40 910 1
J 140 910 2
S 1 2
L 45 910 14 0 3 0 1 0 GOOD_1ST_HDR
N 4629
J 120 890 1
J 140 890 2
S 1 2
L 125 890 14 0 3 0 1 0 CLK
N 4622
J 345 990 2
J 260 990 2
S 2 1
L 285 990 14 0 3 0 1 0 LDOUT42
N 4641
J 625 940 2
J 705 940 1
S 1 2
L 620 940 14 0 3 0 1 0 LTRG_DAV
N 4645
J 385 740 2
J 315 740 2
S 2 1
L 315 740 14 0 3 0 1 0 CFEB_MOVLP
N 4640
J 505 900 2
J 485 900 1
S 2 1
L 490 900 14 0 3 0 1 0 CLK
I 4637 virtex2p:FDCE 1 505 860 0 1 '
C 4641 1 4 0
C 4642 1 1 0
C 4639 2 6 0
C 4638 1 2 0
C 4640 1 3 0
N 4447
J 1355 690 1
J 1400 690 2
S 1 2
L 1360 690 14 0 3 0 1 0 RST_BOE
N 4669
J 65 285 1
J 125 285 2
S 1 2
L 70 285 14 0 3 0 1 0 TF_SIG
I 4670 virtex:OR2 1 125 265 0 1 '
C 4667 1 10 0
C 4668 1 9 0
C 4669 2 7 0
N 4649
J 385 720 2
J 305 720 1
S 2 1
L 315 720 14 0 3 0 1 0 TRG_DAV
N 4642
J 505 940 2
J 425 940 2
S 2 1
L 420 940 14 0 3 0 1 0 TRG_DAV
N 4596
J 235 700 8
J 120 700 7
B 2 1
L 120 705 14 0 3 0 1 0 SUM_CFEBDAV[4:0]
N 4614
J 465 730 2
J 545 730 2
S 1 2
L 470 730 20 0 3 0 1 0 TF_SIG-1
N 4697
J 235 740 8
J 120 740 7
B 2 1
L 120 745 14 0 3 0 1 0 DOUT[43:39]
N 4703
J 150 190 2
J 35 190 1
S 2 1
L 40 190 14 0 3 0 1 0 DDU_DMB_MATCH
N 4704
J 95 130 1
J 150 130 2
S 1 2
L 100 130 14 0 3 0 1 0 TF_SIG
N 4699
J 325 160 1
J 230 160 2
S 2 1
L 220 160 14 0 3 0 1 0 TF_L1ERR
N 4281
J 1265 740 2
J 1165 740 1
S 2 1
L 1175 740 14 0 3 0 1 0 TF_L1ERR
N 4278
J 1165 760 1
J 1265 760 2
S 1 2
L 1175 760 14 0 3 0 1 0 LTF_CRC_ERR
N 4665
J 125 335 2
J 65 335 1
S 2 1
L 70 335 14 0 3 0 1 0 TF_SIG
N 4666
J 290 345 1
J 205 345 2
S 2 1
L 190 345 14 0 3 0 1 0 LNEW_TFDMB
N 4711
J 490 110 2
J 400 110 2
S 2 1
L 410 110 14 0 3 0 1 0 LNEW_DMB-TF
I 4705 virtex2p:AND4B1 1 150 210 6 1 '
C 4699 2 6 0
C 4704 2 1 0
C 4701 1 3 0
C 4702 2 4 0
C 4703 1 5 0
I 4609 OR5_BUS 1 235 710 0 1 '
C 4697 1 9 0
C 4645 2 10 0
I 4612 OR5_BUS 1 235 670 0 1 '
C 4647 1 10 0
C 4596 1 9 0
I 4644 virtex2p:NOR4 1 385 680 0 1 '
C 4614 1 8 0
C 4648 1 1 0
C 4645 1 6 0
C 4649 1 7 0
C 4647 2 5 0
I 4443 virtex:FDCE 1 1400 680 0 1 '
C 4448 1 3 0
C 4600 1 2 0
C 4447 2 6 0
C 4599 2 1 0
C 4445 4 4 0
N 4662
J 770 660 2
J 725 660 1
S 2 1
L 730 660 14 0 3 0 1 0 RST_BOE
N 4660
J 960 730 1
J 890 730 2
S 2 1
L 885 730 20 0 3 0 1 0 LTF_SIG
N 4723
J 795 775 1
J 820 775 2
S 1 2
L 800 775 14 0 3 0 1 0 RST
N 4724
J 820 805 2
J 795 805 1
S 2 1
L 800 805 14 0 3 0 1 0 CLK
N 4639
J 430 870 1
J 505 870 2
S 1 2
L 440 870 14 0 3 0 1 0 NEW_DMB_RST
N 4630
J 140 860 2
J 65 860 1
S 2 1
L 75 860 14 0 3 0 1 0 NEW_DMB_RST
I 4598 virtex2p:OR3 1 1265 720 0 1 '
C 4281 1 2 0
C 4278 2 4 0
C 4445 6 3 0
C 4599 1 5 0
N 4157
J 1320 905 2
J 1285 905 1
S 2 1
L 1290 905 14 0 3 0 1 0 RST
I 4658 virtex2p:FDCE 1 770 650 0 1 '
C 4660 2 4 0
C 4653 7 1 0
C 4662 1 6 0
C 4653 5 2 0
C 4661 1 3 0
N 4664
J 50 355 1
J 125 355 2
S 1 2
L 60 355 14 0 3 0 1 0 LNEW_DMB
N 4741
J 1575 390 7
J 1420 390 8
B 2 1
L 1415 395 18 0 3 0 1 0 PREV_CSC_PROBS[14:0]
I 4750 FD15CE 1 1220 455 0 1 '
C 4737 1 4 0
C 4738 6 1 0
C 4732 1 8 0
C 4733 2 7 0
C 4736 1 3 0
N 4745
J 980 400 7
J 1155 400 8
B 1 2
L 980 405 18 0 3 0 1 0 PREV_CSC_PROBS[14:0]
N 4746
J 980 365 7
J 1125 365 9
J 1125 380 9
J 1155 380 8
B 2 3
B 3 4
B 1 2
L 980 370 18 0 3 0 1 0 CSC_PROBS[14:0]
N 4732
J 1220 465 2
J 1160 465 1
S 2 1
L 1170 465 15 0 3 0 1 0 RST_EOE
N 4710
J 735 180 1
J 610 180 2
S 2 1
L 595 180 20 0 3 0 1 0 LTF_CRC_ERR
N 4758
J 1155 260 8
J 980 260 7
B 2 1
L 980 265 18 0 3 0 1 0 PREV_CSC_PROBS[14:0]
N 4757
J 980 225 7
J 1155 240 8
J 1125 240 9
J 1125 225 9
B 4 3
B 3 2
B 1 4
L 980 230 18 0 3 0 1 0 L2DMB_RD[14:0]
N 4733
J 1095 515 2
J 1220 515 2
S 1 2
L 1100 515 18 0 3 0 1 0 CSC_PROB
N 4759
J 1420 250 8
J 1235 250 8
B 2 1
L 1220 255 18 0 3 0 1 0 CHECK_CSC_PROBS[14:0]
I 4755 15AND2 1 1155 220 0 1 '
C 4759 2 20 0
C 4757 2 19 0
C 4758 1 18 0
N 4763
J 1640 175 1
J 1500 175 2
S 2 1
L 1500 175 20 0 3 0 1 0 RPT_CSC_PROB
I 4756 OR15 1 1420 220 0 1 '
C 4760 2 10 0
C 4759 1 9 0
N 4731
J 545 660 2
J 470 660 1
S 2 1
L 480 660 14 0 3 0 1 0 LNEW_DMB
I 4794 virtex2p:OR5 1 1015 455 0 1 '
C 4733 1 8 0
C 4771 2 1 0
C 4767 2 6 0
C 4766 2 7 0
C 4768 1 5 0
C 4793 2 9 0
N 4767
J 915 535 1
J 1015 535 2
S 1 2
L 925 535 14 0 3 0 1 0 WC_ERR
N 4793
J 915 475 1
J 1015 475 2
S 1 2
L 925 475 14 0 3 0 1 0 TRIG_L1ERR
T 595 200 24 0 3 Reset at Ecode+2
Q 14 0 0
T 615 155 20 0 3 ^^^Known for E-code+1
Q 11 0 0
T 616 18 20 0 3 DDU Controller
Q 11 0 0
T 616 -2 20 0 3 CMS CSC Electronics
Q 11 0 0
T 1530 30 25 0 3 D785C
Q 11 0 0
T 1144 30 25 0 3 JRG
Q 11 0 0
T 1290 35 25 0 3 2
Q 11 0 0
T 616 38 20 0 3 Stage 2 Logic: DMB Status Checks
Q 11 0 0
T 1420 1000 30 0 3 put in DDU Trail
Q 12 1 0
T 1100 970 20 0 3 known for E-code+1
Q 11 0 0
T 1505 735 20 0 3 ^^^Held until EOE
Q 11 0 0
T 1310 800 20 0 3 known for DDUtr-2==E-code+1
Q 11 0 0
T 1535 890 30 0 3 *
Q 12 0 0
T 1275 925 30 0 9 set CRITerr ./
Q 12 1 0
T 1275 905 30 0 9 HARD-err?
Q 12 1 0
T 1632 1 25 0 3 12K
Q 11 0 0
T 20 1050 40 0 3 Check for Track Finder signal, record TF errors
Q 14 0 0
T 1300 775 30 0 3 set TFerr
Q 13 0 0
T 1160 755 20 0 9 Known for E-code+1-->>>
Q 11 0 0
T 800 70 24 0 9 ^^^compare when 2nd TFDMB Trail is received^^^
Q 14 0 0
T 300 665 30 0 3 Stage2
Q 11 0 0
T 655 700 30 0 3 Stage3
Q 11 0 0
T 1600 430 30 0 9 ^^^^Event accumulation of valid CSC problems^^^^
Q 11 0 0
T 1140 290 24 0 3 ^^^permanent CSC Problem register^^^
Q 11 0 0
T 1385 190 24 0 9 ^^^check for CSC Problem repeats^^^
Q 11 0 0
T 880 700 30 0 3 Stage4
Q 13 0 0
T 965 1005 80 0 6 END
Q 12 4 0
T 935 610 40 0 3 CSC Problem Repeat checking
Q 13 0 0
U 1310 5 20 0 9 3 @DATETIME=8-12-2008_17:18
U 1510 0 20 0 9 3 @NAME=STAGE2
U 1550 0 20 0 3 3 @SHEET=12
N 4760
J 1650 250 3
J 1500 250 2
J 1420 185 2
J 1410 185 3
J 1650 210 3
J 1410 210 3
S 4 3
S 4 6
S 5 1
S 6 5
S 2 1
L 1490 250 20 0 3 0 1 0 PREV_CSC_PROB
I 4663 virtex:OR2 1 125 315 0 1 '
C 4665 1 7 0
C 4664 2 9 0
C 4666 2 10 0
I 4728 virtex2p:OR3 1 125 365 0 1 '
C 4672 1 5 0
C 4729 2 3 0
C 4673 1 4 0
C 4674 2 2 0
I 4764 virtex:AND2 1 1420 145 0 1 '
C 4763 2 20 0
C 4760 3 18 0
C 4762 1 19 0
N 4762
J 1420 165 2
J 1315 165 1
S 2 1
L 1320 165 18 0 3 0 1 0 CSC_PROB
N 4800
J 1180 115 2
J 1285 115 2
S 1 2
L 1185 115 18 0 3 0 1 0 CRIT_PROB
N 4795
J 1160 135 1
J 1285 135 2
S 1 2
L 1165 135 20 0 3 0 1 0 PREV_CSC_PROB
N 4802
J 1480 125 1
J 1365 125 2
S 2 1
L 1355 125 18 0 3 0 1 0 CRIT_CSC_PROB
I 4725 virtex:FDC 1 820 765 0 1 '
C 4726 2 4 0
C 4653 1 1 0
C 4723 2 6 0
C 4724 1 3 0
N 4653
J 820 845 2
J 760 845 3
J 665 730 2
J 760 730 5
J 770 710 2
J 760 710 3
J 770 730 2
S 4 2
S 2 1
S 6 5
S 6 4
S 4 7
S 3 4
L 680 730 20 0 3 0 1 0 TF_SIG
N 4726
J 1010 845 1
J 940 845 2
S 2 1
L 930 845 20 0 3 0 1 0 TF_SIG+1
T 1210 845 30 0 3 ^^^E-code+2==DDUtr-1==Stage6?  CHECK
Q 14 0 0
I 4604 OR15 1 1145 845 0 1 '
C 4605 2 10 0
C 4603 2 9 0
b 890 65 1680 655
Q 13 0 0
T 1475 670 30 0 3 set SINGerr  ./
Q 12 1 0
I 4799 virtex2p:OR3 1 1100 75 0 1 '
C 4798 1 2 0
C 4796 1 4 0
C 4797 1 3 0
C 4800 1 5 0
I 4801 virtex:AND2 1 1285 95 0 1 '
C 4800 2 19 0
C 4795 2 18 0
C 4802 2 20 0
E
