V 51
K 7468887480 tst1
Y 0
D 0 0 1700 1100
Z 1
i 6271
I 6271 virtex2p:VCC 1 1495 980 1 1 '
C 5477 1 2 0
N 6267
J 650 725 8
J 575 725 7
B 2 1
L 575 730 12 0 3 0 1 0 F[7:0]-ERROR
N 6266
J 740 800 2
J 685 800 1
S 2 1
L 695 800 14 0 3 0 1 0 REN0
I 6262 virtex2p:BUF 1 740 740 0 1 '
C 6269 1 2 0
C 6171 2 1 0
I 6260 virtex2p:BUF 1 740 770 0 1 '
C 6171 3 1 0
C 6250 1 2 0
I 6258 virtex2p:BUF 1 740 790 0 1 '
C 6266 1 2 0
C 6171 4 1 0
I 6256 virtex2p:BUF 1 740 840 0 1 '
C 6227 1 2 0
C 6171 26 1 0
N 6244
J 1120 460 7
J 1185 460 8
B 1 2
L 1120 465 12 0 3 0 1 0 RD_CTL[15:0]
N 6237
J 1130 480 7
J 1185 480 8
B 1 2
L 1130 485 12 0 3 0 1 0 L1_MA[15:0]
N 6236
J 1185 720 8
J 1130 720 7
B 2 1
L 1130 725 12 0 3 0 1 0 L0_MA[15:0]
N 6224
J 130 760 8
J 75 760 7
B 2 1
L 75 765 12 0 3 0 1 0 REN_F[3:0]
N 6206
J 75 800 7
J 130 800 8
B 1 2
L 75 805 12 0 3 0 1 0 LREN[3:0]
N 6229
J 130 840 8
J 60 840 7
B 2 1
L 60 845 14 0 3 0 1 0 FREE_F[3:0]
N 6230
J 130 880 8
J 60 880 7
B 2 1
L 60 885 12 0 3 0 1 0 WRNEXT_F[3:0]
N 6214
J 310 880 2
J 305 880 2
S 2 1
N 6215
J 300 860 1
J 310 860 2
S 1 2
L 305 860 12 0 3 0 1 0 CLK
N 6222
J 280 830 1
J 310 830 2
S 1 2
L 290 830 14 0 3 0 1 0 RST
N 6179
J 905 745 2
J 920 745 2
S 1 2
N 6180
J 900 725 1
J 920 725 2
S 1 2
L 910 725 12 0 3 0 1 0 CLK
N 6200
J 890 695 1
J 920 695 2
S 1 2
L 900 695 14 0 3 0 1 0 RST
I 6174 virtex2p:FD16CE 1 920 685 0 1 '
C 6180 2 3 0
C 6179 2 7 0
C 6200 2 8 0
C 6171 31 1 0
C 6203 2 4 0
I 6184 virtex2p:BUF 1 740 995 0 1 '
C 6171 14 1 0
C 6238 2 2 0
I 6185 virtex2p:BUF 1 740 1015 0 1 '
C 6241 2 2 0
C 6171 8 1 0
I 6186 virtex2p:BUF 1 740 1035 0 1 '
C 6239 2 2 0
C 6171 9 1 0
I 6187 virtex2p:BUF 1 740 1055 0 1 '
C 6171 10 1 0
C 6240 2 2 0
I 6188 virtex2p:BUF 1 740 970 0 1 '
C 6270 2 2 0
C 6171 7 1 0
I 6189 virtex2p:BUF 1 740 950 0 1 '
C 6171 17 1 0
C 6253 1 2 0
I 6190 virtex2p:BUF 1 740 930 0 1 '
C 6171 19 1 0
C 6231 2 2 0
I 6191 virtex2p:BUF 1 740 910 0 1 '
C 6246 1 2 0
C 6171 6 1 0
I 6194 virtex2p:BUF 1 740 880 0 1 '
C 6245 2 2 0
C 6171 22 1 0
I 6195 virtex2p:VCC 1 905 725 1 1 '
C 6179 1 2 0
N 6153
J 1335 530 8
J 1410 530 7
B 1 2
L 1335 535 14 0 3 0 1 0 LA1_B[15:0]
N 6154
J 1410 790 7
J 1335 790 8
B 2 1
L 1335 795 14 0 3 0 1 0 LA0_B[15:0]
I 6169 virtex2p:GND 1 1455 1000 3 1 '
C 5480 1 4 0
N 6155
J 1095 905 8
J 1030 905 7
B 2 1
L 1030 910 12 0 3 0 1 0 LD7B[7:0]
N 5128
J 1640 185 2
J 1675 185 1
S 1 2
L 1625 185 12 0 3 0 1 0 FBLINK
N 5917
J 1120 640 7
J 1185 640 8
B 1 2
L 1120 645 12 0 3 0 1 0 F0_DAT[15:0]
N 5918
J 1185 660 8
J 1125 660 7
B 2 1
L 1125 665 12 0 3 0 1 0 DO[15:0]
N 5919
J 1185 680 8
J 1125 680 7
B 2 1
L 1125 685 12 0 3 0 1 0 OEM[15:0]
N 5920
J 1185 700 8
J 1125 700 7
B 2 1
L 1125 705 12 0 3 0 1 0 F0DIAG[15:0]
N 5916
J 1135 580 1
J 1185 580 2
S 1 2
L 1145 580 10 0 3 0 1 0 MODE3
N 5925
J 1185 600 8
J 1125 600 7
B 2 1
L 1125 605 14 0 3 0 1 0 MODE[2:0]
N 5927
J 1125 340 7
J 1185 340 8
B 1 2
L 1125 345 14 0 3 0 1 0 MODE[2:0]
N 5948
J 1185 320 2
J 1135 320 1
S 2 1
L 1145 320 10 0 3 0 1 0 MODE3
N 5944
J 1120 500 7
J 1185 500 8
B 1 2
L 1120 505 12 0 3 0 1 0 F0_CTL[15:0]
N 5931
J 1125 440 7
J 1185 440 8
B 1 2
L 1125 445 12 0 3 0 1 0 RSTATE[15:0]
N 5932
J 1185 420 8
J 1125 420 7
B 2 1
L 1125 425 12 0 3 0 1 0 OEM[31:16]
N 5946
J 1125 400 7
J 1185 400 8
B 1 2
L 1125 405 12 0 3 0 1 0 DO[35:20]
N 5926
J 1185 380 8
J 1120 380 7
B 2 1
L 1120 385 12 0 3 0 1 0 F0_CTL[15:0]
I 6087 virtex2p:SOP4B1 1 700 250 0 1 '
C 6094 1 6 0
C 6097 2 1 0
C 6103 2 3 0
C 6104 2 4 0
C 6096 1 5 0
I 6088 virtex2p:AND2B1 1 700 205 0 1 '
C 6093 1 20 0
C 6095 1 18 0
C 6098 2 19 0
I 6089 virtex2p:AND2B1 1 700 55 0 1 '
C 6107 1 19 0
C 6110 2 18 0
C 6091 2 20 0
I 6090 virtex2p:SOP4B1 1 700 100 0 1 '
C 6109 2 5 0
C 6105 1 4 0
C 6106 1 3 0
C 6108 1 1 0
C 6092 2 6 0
N 6091
J 840 85 2
J 780 85 2
S 2 1
L 765 85 12 0 3 0 1 0 DV_LED_F7
N 6092
J 880 150 2
J 820 150 2
S 2 1
L 805 150 12 0 3 0 1 0 DV_LED_F6
N 6093
J 780 235 2
J 840 235 2
S 1 2
L 765 235 12 0 3 0 1 0 FOK_LED_F7
N 6094
J 820 300 2
J 880 300 2
S 1 2
L 805 300 12 0 3 0 1 0 FOK_LED_F6
N 6095
J 700 245 2
J 645 245 1
S 2 1
L 650 245 12 0 3 0 1 0 FOK_LED7
N 6096
J 700 270 2
J 645 270 1
S 2 1
L 650 270 14 0 3 0 1 0 FPGA_ID
N 6097
J 645 330 1
J 700 330 2
S 1 2
L 650 330 14 0 3 0 1 0 FPGA_ID
N 6098
J 645 225 1
J 700 225 2
S 1 2
L 650 225 14 0 3 0 1 0 FPGA_ID
N 6103
J 645 310 1
J 700 310 2
S 1 2
L 650 310 12 0 3 0 1 0 FOK_LED7
N 6104
J 645 290 1
J 700 290 2
S 1 2
L 650 290 12 0 3 0 1 0 FOK_LED6
N 6105
J 700 140 2
J 645 140 1
S 2 1
L 650 140 12 0 3 0 1 0 DV_LED6
N 6106
J 700 160 2
J 645 160 1
S 2 1
L 650 160 12 0 3 0 1 0 DV_LED7
N 6107
J 700 75 2
J 645 75 1
S 2 1
L 650 75 14 0 3 0 1 0 FPGA_ID
N 6108
J 700 180 2
J 645 180 1
S 2 1
L 650 180 14 0 3 0 1 0 FPGA_ID
N 6109
J 645 120 1
J 700 120 2
S 1 2
L 650 120 14 0 3 0 1 0 FPGA_ID
N 6110
J 645 95 1
J 700 95 2
S 1 2
L 650 95 12 0 3 0 1 0 DV_LED7
N 6075
J 950 300 2
J 970 300 2
S 1 2
L 930 300 12 0 3 0 1 0 FOKLED6
N 6076
J 910 235 2
J 930 235 2
S 1 2
L 890 235 12 0 3 0 1 0 FOKLED7
N 6077
J 950 150 2
J 970 150 2
S 1 2
L 930 150 12 0 3 0 1 0 DVLED6
N 6078
J 910 85 2
J 930 85 2
S 1 2
L 890 85 12 0 3 0 1 0 DVLED7
I 6072 virtex2p:OBUF 1 840 75 0 1 '
A 870 90 5 0 3 3 IOSTANDARD=LVCMOS33
C 6078 1 1 0
C 6091 1 2 0
I 6082 virtex:OPAD 1 930 75 0 1 '
C 6078 2 1 0
N 5376
J 1545 1055 8
J 1590 1055 8
B 1 2
L 1545 1060 14 0 3 0 1 0 LED[7:0]
N 5491
J 1440 1055 8
J 1475 1055 8
B 1 2
L 1435 1060 14 0 3 0 1 1 LD[7:0]
I 6038 OBUF8_33 1 1475 1045 0 1 '
C 5376 1 1 0
C 5491 2 2 0
N 5377
J 1590 755 8
J 1540 755 8
B 2 1
L 1535 760 14 0 3 0 1 0 L0_[15:0]
N 5378
J 1420 715 2
J 1390 715 1
S 2 1
L 1400 715 12 0 3 0 1 0 CLK
N 5620
J 1420 755 8
J 1360 755 7
B 2 1
L 1355 760 14 0 3 0 1 0 LA0_[15:0]
N 5389
J 1540 495 8
J 1590 495 8
B 1 2
L 1535 500 14 0 3 0 1 0 L1_[15:0]
N 5629
J 1360 495 7
J 1420 495 8
B 1 2
L 1355 500 14 0 3 0 1 0 LA1_[15:0]
N 5390
J 1390 455 1
J 1420 455 2
S 1 2
L 1400 455 12 0 3 0 1 0 CLK
I 6029 virtex2p:OBUF 1 1415 590 0 1 '
A 1445 605 5 0 3 3 IOSTANDARD=LVCMOS33
C 5385 2 1 0
C 5957 2 2 0
I 6030 virtex2p:OBUF 1 1415 570 0 1 '
A 1445 585 5 0 3 3 IOSTANDARD=LVCMOS33
C 5958 1 2 0
C 5392 1 1 0
I 6023 virtex2p:OBUF 1 210 110 0 1 '
A 240 125 5 0 3 3 IOSTANDARD=LVCMOS33
C 5405 2 1 0
C 5424 1 2 0
I 6024 virtex2p:OBUF 1 210 75 0 1 '
A 240 90 5 0 3 3 IOSTANDARD=LVCMOS33
C 5423 1 2 0
C 5406 2 1 0
I 6017 virtex2p:OBUF 1 210 260 0 1 '
A 240 275 5 0 3 3 IOSTANDARD=LVCMOS33
C 5426 1 2 0
C 5411 2 1 0
I 6018 virtex2p:OBUF 1 210 225 0 1 '
A 240 240 5 0 3 3 IOSTANDARD=LVCMOS33
C 5412 2 1 0
C 5425 1 2 0
I 6015 virtex2p:OBUF 1 210 410 0 1 '
A 240 425 5 0 3 3 IOSTANDARD=LVCMOS33
C 5417 2 1 0
C 5428 1 2 0
I 6016 virtex2p:OBUF 1 210 375 0 1 '
A 240 390 5 0 3 3 IOSTANDARD=LVCMOS33
C 5427 1 2 0
C 5418 2 1 0
I 6013 virtex2p:OBUF 1 595 410 0 1 '
A 625 425 5 0 3 3 IOSTANDARD=LVCMOS33
C 5439 1 2 0
C 5449 2 1 0
I 6014 virtex2p:OBUF 1 595 375 0 1 '
A 625 390 5 0 3 3 IOSTANDARD=LVCMOS33
C 5433 2 1 0
C 5440 1 2 0
I 6012 virtex2p:OBUF 1 595 525 0 1 '
A 625 540 5 0 3 3 IOSTANDARD=LVCMOS33
C 5435 1 2 0
C 5448 2 1 0
N 5447
J 685 570 2
J 665 570 2
S 2 1
L 645 570 12 0 3 0 1 0 FOKLED4
N 5958
J 1415 580 2
J 1370 580 1
S 2 1
L 1380 580 12 0 3 0 1 0 CLK
N 5959
J 1370 640 1
J 1415 640 2
S 1 2
L 1380 640 12 0 3 0 1 0 CLK40
N 5933
J 1095 1025 8
J 1030 1025 7
B 2 1
L 1030 1030 12 0 3 0 1 0 LD4B[7:0]
N 5934
J 1030 925 7
J 1095 925 8
B 1 2
L 1030 930 12 0 3 0 1 0 LD4B[7:0]
N 5935
J 1030 1005 7
J 1095 1005 8
B 1 2
L 1030 1010 14 0 3 0 1 0 LD1B[7:0]
N 5936
J 1095 985 8
J 1030 985 7
B 2 1
L 1030 990 14 0 3 0 1 0 LD1B[7:0]
N 5939
J 1030 1045 7
J 1095 1045 8
B 1 2
L 1030 1050 14 0 3 0 1 0 LD0B[7:0]
N 5940
J 1035 865 7
J 1095 865 8
B 1 2
L 1035 870 14 0 3 0 1 0 MODE[2:0]
N 5941
J 1095 945 8
J 1030 945 7
B 2 1
L 1030 950 12 0 3 0 1 0 LD4B[7:0]
N 5942
J 1030 965 7
J 1095 965 8
B 1 2
L 1030 970 12 0 3 0 1 0 LD4B[7:0]
N 5947
J 1095 845 2
J 1045 845 1
S 2 1
L 1055 845 10 0 3 0 1 0 MODE3
N 5899
J 1545 895 2
J 1495 895 1
S 2 1
L 1500 895 14 0 3 0 1 1 OWEN
N 5392
J 1485 580 2
J 1550 580 2
S 1 2
L 1515 580 14 0 3 0 1 0 L1_17
N 5385
J 1550 600 2
J 1485 600 2
S 2 1
L 1515 600 14 0 3 0 1 0 L1_16
N 5379
J 1485 660 2
J 1550 660 2
S 1 2
L 1515 660 14 0 3 0 1 0 L0_16
N 5382
J 1550 640 2
J 1485 640 2
S 2 1
L 1515 640 14 0 3 0 1 0 L0_17
N 5483
J 1545 940 2
J 1495 940 2
S 2 1
N 5436
J 595 570 2
J 560 570 2
S 2 1
L 550 570 12 0 3 0 1 0 FOK_LED4
N 5485
J 1495 915 2
J 1545 915 2
S 1 2
N 5441
J 605 270 1
J 560 270 2
S 2 1
L 545 270 12 0 3 0 1 0 FOK_LED6
N 5426
J 210 270 2
J 175 270 2
S 2 1
L 165 270 12 0 3 0 1 0 FOK_LED2
N 5424
J 210 120 2
J 175 120 2
S 2 1
L 165 120 12 0 3 0 1 0 FOK_LED3
N 5443
J 605 120 1
J 560 120 2
S 2 1
L 545 120 12 0 3 0 1 0 FOK_LED7
N 5411
J 300 270 2
J 280 270 2
S 2 1
L 260 270 12 0 3 0 1 0 FOKLED2
N 5405
J 300 120 2
J 280 120 2
S 2 1
L 260 120 12 0 3 0 1 0 FOKLED3
I 5556 virtex2p:BUF 1 1545 905 0 1 '
C 5485 2 2 0
C 5471 1 1 0
I 5557 virtex2p:BUF 1 1545 885 0 1 '
C 5474 2 1 0
C 5899 1 2 0
I 5558 virtex2p:BUF 1 1545 865 0 1 '
C 5865 1 2 0
C 5475 1 1 0
I 5559 virtex2p:BUF 1 1545 845 0 1 '
C 5476 2 1 0
C 5864 1 2 0
I 5555 virtex2p:BUF 1 1545 930 0 1 '
C 5483 1 2 0
C 5470 1 1 0
N 5449
J 685 420 2
J 665 420 2
S 2 1
L 645 420 12 0 3 0 1 0 FOKLED5
N 5481
J 1495 960 2
J 1545 960 2
S 1 2
N 5471
J 1615 915 2
J 1660 915 1
S 1 2
L 1615 915 14 0 3 0 1 0 LDZ4
N 5474
J 1660 895 1
J 1615 895 2
S 2 1
L 1615 895 14 0 3 0 1 0 LDZ5
N 5475
J 1615 875 2
J 1660 875 1
S 1 2
L 1615 875 14 0 3 0 1 0 LDZ6
N 5470
J 1615 940 2
J 1660 940 1
S 1 2
L 1615 940 14 0 3 0 1 0 LDZ3
N 5469
J 1660 960 1
J 1615 960 2
S 2 1
L 1615 960 14 0 3 0 1 0 LDZ2
N 5448
J 685 535 2
J 665 535 2
S 2 1
L 645 535 12 0 3 0 1 0 DVLED4
N 5433
J 685 385 2
J 665 385 2
S 2 1
L 645 385 12 0 3 0 1 0 DVLED5
N 5420
J 300 570 2
J 280 570 2
S 2 1
L 260 570 12 0 3 0 1 0 FOKLED0
N 5419
J 300 535 2
J 280 535 2
S 2 1
L 260 535 12 0 3 0 1 0 DVLED0
N 5418
J 300 385 2
J 280 385 2
S 2 1
L 260 385 12 0 3 0 1 0 DVLED1
N 5417
J 300 420 2
J 280 420 2
S 2 1
L 260 420 12 0 3 0 1 0 FOKLED1
N 5412
J 300 235 2
J 280 235 2
S 2 1
L 260 235 12 0 3 0 1 0 DVLED2
N 5406
J 300 85 2
J 280 85 2
S 2 1
L 260 85 12 0 3 0 1 0 DVLED3
I 5416 virtex:OPAD 1 300 375 0 1 '
C 5418 1 1 0
I 5421 virtex:OPAD 1 300 525 0 1 '
C 5419 1 1 0
I 5446 virtex:OPAD 1 685 525 0 1 '
C 5448 1 1 0
I 5464 virtex:OPAD 1 685 375 0 1 '
C 5433 1 1 0
I 5384 virtex2p:OPAD 1 1550 590 0 1 '
C 5385 1 1 0
I 5393 virtex2p:OPAD 1 1550 570 0 1 '
C 5392 2 1 0
N 5369
J 1330 170 2
J 1335 170 2
S 1 2
I 5368 virtex2p:GND 1 1290 190 3 1 '
C 5369 1 4 0
N 5366
J 1335 150 2
J 1320 150 2
S 2 1
N 5364
J 440 565 2
J 410 565 1
S 2 1
L 420 565 12 0 3 0 1 0 CLK
N 5365
J 410 415 1
J 440 415 2
S 1 2
L 420 415 12 0 3 0 1 0 CLK
N 5363
J 440 115 2
J 410 115 1
S 2 1
L 420 115 12 0 3 0 1 0 CLK
N 5360
J 55 265 2
J 25 265 1
S 2 1
L 35 265 12 0 3 0 1 0 CLK
N 5361
J 25 115 1
J 55 115 2
S 1 2
L 35 115 12 0 3 0 1 0 CLK
N 5359
J 55 415 2
J 25 415 1
S 2 1
L 35 415 12 0 3 0 1 0 CLK
N 5295
J 440 580 2
J 410 580 1
S 2 1
L 415 580 12 0 3 0 1 0 FBLINK
N 5296
J 410 595 1
J 440 595 2
S 1 2
L 415 595 12 0 3 0 1 0 BCLK
N 5297
J 440 610 2
J 410 610 1
S 2 1
L 415 610 12 0 3 0 1 0 RXDV4
N 5298
J 410 640 1
J 440 640 2
S 1 2
L 420 640 12 0 3 0 1 0 F_OK4
N 5299
J 440 625 2
J 410 625 1
S 2 1
L 420 625 12 0 3 0 1 0 LFOK4
N 5300
J 410 535 1
J 440 535 2
S 1 2
L 420 535 14 0 3 0 1 0 RST
N 5301
J 440 385 2
J 410 385 1
S 2 1
L 420 385 14 0 3 0 1 0 RST
N 5302
J 410 475 1
J 440 475 2
S 1 2
L 420 475 12 0 3 0 1 0 LFOK5
N 5303
J 440 490 2
J 410 490 1
S 2 1
L 420 490 12 0 3 0 1 0 F_OK5
N 5304
J 410 460 1
J 440 460 2
S 1 2
L 415 460 12 0 3 0 1 0 RXDV5
N 5305
J 440 445 2
J 410 445 1
S 2 1
L 415 445 12 0 3 0 1 0 BCLK
N 5306
J 410 430 1
J 440 430 2
S 1 2
L 415 430 12 0 3 0 1 0 FBLINK
N 5310
J 410 235 1
J 440 235 2
S 1 2
L 420 235 14 0 3 0 1 0 RST
N 5311
J 440 325 2
J 410 325 1
S 2 1
L 420 325 12 0 3 0 1 0 LFOK6
N 5312
J 410 340 1
J 440 340 2
S 1 2
L 420 340 12 0 3 0 1 0 F_OK6
N 5313
J 440 310 2
J 410 310 1
S 2 1
L 415 310 12 0 3 0 1 0 RXDV6
N 5314
J 410 295 1
J 440 295 2
S 1 2
L 415 295 12 0 3 0 1 0 BCLK
N 5315
J 440 280 2
J 410 280 1
S 2 1
L 415 280 12 0 3 0 1 0 FBLINK
N 5320
J 410 175 1
J 440 175 2
S 1 2
L 420 175 12 0 3 0 1 0 LFOK7
N 5321
J 440 190 2
J 410 190 1
S 2 1
L 420 190 12 0 3 0 1 0 F_OK7
N 5322
J 410 160 1
J 440 160 2
S 1 2
L 415 160 12 0 3 0 1 0 RXDV7
N 5323
J 440 145 2
J 410 145 1
S 2 1
L 415 145 12 0 3 0 1 0 BCLK
N 5324
J 410 130 1
J 440 130 2
S 1 2
L 415 130 12 0 3 0 1 0 FBLINK
N 5192
J 55 130 2
J 25 130 1
S 2 1
L 30 130 12 0 3 0 1 0 FBLINK
N 5193
J 25 145 1
J 55 145 2
S 1 2
L 30 145 12 0 3 0 1 0 BCLK
N 5194
J 55 160 2
J 25 160 1
S 2 1
L 30 160 12 0 3 0 1 0 RXDV3
N 5195
J 25 190 1
J 55 190 2
S 1 2
L 35 190 12 0 3 0 1 0 F_OK3
N 5196
J 55 175 2
J 25 175 1
S 2 1
L 35 175 12 0 3 0 1 0 LFOK3
N 5197
J 25 85 1
J 55 85 2
S 1 2
L 35 85 14 0 3 0 1 0 RST
N 5182
J 25 280 1
J 55 280 2
S 1 2
L 30 280 12 0 3 0 1 0 FBLINK
N 5183
J 55 295 2
J 25 295 1
S 2 1
L 30 295 12 0 3 0 1 0 BCLK
N 5184
J 25 310 1
J 55 310 2
S 1 2
L 30 310 12 0 3 0 1 0 RXDV2
N 5185
J 55 340 2
J 25 340 1
S 2 1
L 35 340 12 0 3 0 1 0 F_OK2
N 5186
J 25 325 1
J 55 325 2
S 1 2
L 35 325 12 0 3 0 1 0 LFOK2
N 5187
J 55 235 2
J 25 235 1
S 2 1
L 35 235 14 0 3 0 1 0 RST
N 5172
J 55 430 2
J 25 430 1
S 2 1
L 30 430 12 0 3 0 1 0 FBLINK
N 5173
J 25 445 1
J 55 445 2
S 1 2
L 30 445 12 0 3 0 1 0 BCLK
N 5174
J 55 460 2
J 25 460 1
S 2 1
L 30 460 12 0 3 0 1 0 RXDV1
N 5175
J 25 490 1
J 55 490 2
S 1 2
L 35 490 12 0 3 0 1 0 F_OK1
N 5176
J 55 475 2
J 25 475 1
S 2 1
L 35 475 12 0 3 0 1 0 LFOK1
N 5177
J 25 385 1
J 55 385 2
S 1 2
L 35 385 14 0 3 0 1 0 RST
N 5126
J 1470 145 1
J 1520 145 2
S 1 2
L 1480 145 12 0 3 0 1 0 SLOWCLK
N 5067
J 1470 230 2
J 1455 230 2
S 2 1
L 1445 230 12 0 3 0 1 0 BCLK
N 5057
J 1320 190 2
J 1335 190 2
S 1 2
I 111 PAGE 1 0 0 0 1 '
I 5050 virtex2p:SRL16E 1 1335 90 0 1 '
C 5064 1 8 0
C 5112 2 5 0
C 5366 1 4 0
C 5369 2 3 0
C 5057 2 2 0
C 5069 1 1 0
C 5065 2 6 0
C 5067 2 7 0
N 5051
J 1105 230 1
J 1155 230 2
S 1 2
L 1115 230 12 0 3 0 1 0 SLOWCLK
I 5046 virtex2p:CC16CE 1 1155 190 0 1 '
C 5065 1 16 0
X 13 0
C 5055 1 14 0
C 5051 2 3 0
C 6121 2 15 0
X 4 0
N 5069
J 1335 250 2
J 1295 250 1
S 2 1
L 1300 250 12 0 3 0 1 1 BCLK
N 5112
J 1330 130 2
J 1335 130 2
S 1 2
N 5055
J 1155 200 2
J 1140 200 1
S 2 1
L 1150 200 12 0 3 0 1 0 RST
N 5064
J 1335 210 2
J 1285 210 1
S 2 1
L 1295 210 12 0 3 0 1 0 SLOWCLK
N 5065
J 1275 230 2
J 1335 230 2
S 1 2
L 1300 230 12 0 3 0 1 0 BCLK_EN
N 5125
J 1505 115 1
J 1520 115 2
S 1 2
L 1515 115 12 0 3 0 1 0 RST
N 5146
J 25 610 1
J 55 610 2
S 1 2
L 30 610 12 0 3 0 1 0 RXDV0
N 5149
J 55 595 2
J 25 595 1
S 2 1
L 30 595 12 0 3 0 1 0 BCLK
N 5144
J 25 580 1
J 55 580 2
S 1 2
L 30 580 12 0 3 0 1 0 FBLINK
I 5178 FIBERLED 1 55 230 0 1 '
C 5425 2 33 0
C 5426 2 32 0
X 13 0
C 5183 1 24 0
C 5184 2 23 0
C 5182 2 22 0
C 5187 1 26 0
C 5185 1 27 0
C 5186 2 28 0
X 29 0
C 5360 1 30 0
I 5124 virtex2p:FTC 1 1520 105 0 1 '
C 5126 2 3 0
C 5125 2 6 0
C 5127 1 1 0
C 5128 1 4 0
I 5290 FIBERLED 1 440 80 0 1 '
C 5444 2 33 0
C 5443 2 32 0
X 13 0
C 5323 1 24 0
C 5322 2 23 0
C 5324 2 22 0
C 5319 1 26 0
C 5321 1 27 0
C 5320 2 28 0
X 29 0
C 5363 1 30 0
I 5168 FIBERLED 1 55 380 0 1 '
C 5427 2 33 0
C 5428 2 32 0
C 5359 1 30 0
X 29 0
C 5176 1 28 0
C 5175 2 27 0
C 5177 2 26 0
C 5172 1 22 0
C 5174 1 23 0
C 5173 2 24 0
X 13 0
N 5150
J 55 535 2
J 25 535 1
S 2 1
L 35 535 14 0 3 0 1 0 RST
N 5358
J 25 565 1
J 55 565 2
S 1 2
L 35 565 12 0 3 0 1 0 CLK
I 5056 virtex2p:VCC 1 1320 170 1 1 '
C 5057 1 2 0
I 5108 virtex2p:GND 1 1290 150 3 1 '
C 5112 1 4 0
I 5367 virtex2p:VCC 1 1320 130 1 1 '
C 5366 2 2 0
I 5188 FIBERLED 1 55 80 0 1 '
C 5423 2 33 0
C 5424 2 32 0
C 5361 2 30 0
X 29 0
C 5196 1 28 0
C 5195 2 27 0
C 5197 2 26 0
C 5192 1 22 0
C 5194 1 23 0
C 5193 2 24 0
X 13 0
N 5127
J 1520 185 2
J 1470 185 1
S 2 1
L 1480 185 12 0 3 0 1 0 BCLK_EN
N 5362
J 410 265 1
J 440 265 2
S 1 2
L 420 265 12 0 3 0 1 0 CLK
N 5480
J 1495 980 2
J 1545 980 2
S 1 2
I 5293 FIBERLED 1 440 380 0 1 '
C 5440 2 33 0
C 5439 2 32 0
X 13 0
C 5305 1 24 0
C 5304 2 23 0
C 5306 2 22 0
C 5301 1 26 0
C 5303 1 27 0
C 5302 2 28 0
X 29 0
C 5365 2 30 0
N 5468
J 1615 980 2
J 1660 980 1
S 1 2
L 1615 980 14 0 3 0 1 0 LDZ1
I 5554 virtex2p:BUF 1 1545 950 0 1 '
C 5469 2 1 0
C 5481 2 2 0
I 5553 virtex2p:BUF 1 1545 970 0 1 '
C 5480 2 2 0
C 5468 1 1 0
I 5552 virtex2p:BUF 1 1545 990 0 1 '
C 5467 2 1 0
C 5477 2 2 0
I 5375 virtex2p:OPAD8 1 1590 1045 0 1 '
C 5376 2 5 0
I 5490 virtex2p:INV8 1 1370 1045 0 1 '
C 5491 1 1 0
C 5489 2 2 0
I 5381 virtex2p:OPAD 1 1550 630 0 1 '
C 5382 1 1 0
I 5374 virtex2p:OPAD 1 1550 650 0 1 '
C 5379 2 1 0
N 5319
J 440 85 2
J 410 85 1
S 2 1
L 420 85 14 0 3 0 1 0 RST
N 5476
J 1660 855 1
J 1615 855 2
S 2 1
L 1615 855 14 0 3 0 1 0 LDZ7
N 5147
J 55 640 2
J 25 640 1
S 2 1
L 35 640 12 0 3 0 1 0 F_OK0
N 5148
J 25 625 1
J 55 625 2
S 1 2
L 35 625 12 0 3 0 1 0 LFOK0
N 5439
J 595 420 2
J 560 420 2
S 2 1
L 550 420 12 0 3 0 1 0 FOK_LED5
N 5431
J 210 570 2
J 175 570 2
S 2 1
L 165 570 12 0 3 0 1 0 FOK_LED0
N 5428
J 210 420 2
J 175 420 2
S 2 1
L 165 420 12 0 3 0 1 0 FOK_LED1
I 5430 virtex:OPAD 1 300 560 0 1 '
C 5420 1 1 0
I 5452 virtex:OPAD 1 685 410 0 1 '
C 5449 1 1 0
I 5413 virtex:OPAD 1 300 410 0 1 '
C 5417 1 1 0
I 5401 virtex:OPAD 1 300 110 0 1 '
C 5405 1 1 0
I 5407 virtex:OPAD 1 300 260 0 1 '
C 5411 1 1 0
N 5432
J 210 535 2
J 175 535 2
S 2 1
L 165 535 12 0 3 0 1 0 DV_LED0
N 5435
J 595 535 2
J 560 535 2
S 2 1
L 550 535 12 0 3 0 1 0 DV_LED4
N 5440
J 595 385 2
J 560 385 2
S 2 1
L 550 385 12 0 3 0 1 0 DV_LED5
N 5427
J 210 385 2
J 175 385 2
S 2 1
L 165 385 12 0 3 0 1 0 DV_LED1
N 5425
J 210 235 2
J 175 235 2
S 2 1
L 165 235 12 0 3 0 1 0 DV_LED2
N 5442
J 605 235 1
J 560 235 2
S 2 1
L 545 235 12 0 3 0 1 0 DV_LED6
N 5444
J 605 85 1
J 560 85 2
S 2 1
L 545 85 12 0 3 0 1 0 DV_LED7
N 5423
J 210 85 2
J 175 85 2
S 2 1
L 165 85 12 0 3 0 1 0 DV_LED3
I 5404 virtex:OPAD 1 300 75 0 1 '
C 5406 1 1 0
I 5410 virtex:OPAD 1 300 225 0 1 '
C 5412 1 1 0
I 5394 virtex2p:OPAD16 1 1590 745 0 1 '
C 5377 1 5 0
I 5395 virtex2p:OPAD16 1 1590 485 0 1 '
C 5389 2 5 0
I 5291 FIBERLED 1 440 230 0 1 '
C 5442 2 33 0
C 5441 2 32 0
C 5362 2 30 0
X 29 0
C 5311 1 28 0
C 5312 2 27 0
C 5310 2 26 0
C 5315 1 22 0
C 5313 1 23 0
C 5314 2 24 0
X 13 0
N 5864
J 1545 855 2
J 1495 855 1
S 2 1
L 1500 855 14 0 3 0 1 0 PUSH
N 5865
J 1545 875 2
J 1495 875 1
S 2 1
L 1500 875 14 0 3 0 1 0 BUSY
I 5066 virtex2p:INV 1 1470 220 0 1 '
C 5068 1 1 0
C 5067 1 2 0
N 5960
J 1415 660 2
J 1370 660 1
S 2 1
L 1375 660 14 0 3 0 1 0 DO18
N 5957
J 1370 600 1
J 1415 600 2
S 1 2
L 1375 600 14 0 3 0 1 0 DO19
N 5477
J 1495 1000 2
J 1545 1000 2
S 1 2
I 5437 virtex:OPAD 1 685 560 0 1 '
C 5447 1 1 0
I 6009 virtex2p:OBUF 1 210 525 0 1 '
A 240 540 5 0 3 3 IOSTANDARD=LVCMOS33
C 5419 2 1 0
C 5432 1 2 0
I 6010 virtex2p:OBUF 1 210 560 0 1 '
A 240 575 5 0 3 3 IOSTANDARD=LVCMOS33
C 5431 1 2 0
C 5420 2 1 0
I 6027 virtex2p:OBUF 1 1415 630 0 1 '
A 1445 645 5 0 3 3 IOSTANDARD=LVCMOS33
C 5382 2 1 0
C 5959 2 2 0
I 6028 virtex2p:OBUF 1 1415 650 0 1 '
A 1445 665 5 0 3 3 IOSTANDARD=LVCMOS33
C 5960 1 2 0
C 5379 1 1 0
I 6034 OFD16_33 1 1420 415 0 1 '
C 5390 2 2 0
C 5629 2 15 0
C 5389 1 3 0
I 6035 OFD16_33 1 1420 675 0 1 '
C 5377 2 3 0
C 5620 1 15 0
C 5378 1 2 0
I 6011 virtex2p:OBUF 1 595 560 0 1 '
A 625 575 5 0 3 3 IOSTANDARD=LVCMOS33
C 5447 2 1 0
C 5436 1 2 0
I 6073 virtex2p:OBUF 1 880 290 0 1 '
A 910 305 5 0 3 3 IOSTANDARD=LVCMOS33
C 6075 1 1 0
C 6094 2 2 0
I 6074 virtex2p:OBUF 1 880 140 0 1 '
A 910 155 5 0 3 3 IOSTANDARD=LVCMOS33
C 6092 1 2 0
C 6077 1 1 0
I 6071 virtex2p:OBUF 1 840 225 0 1 '
A 870 240 5 0 3 3 IOSTANDARD=LVCMOS33
C 6093 2 2 0
C 6076 1 1 0
I 6080 virtex:OPAD 1 930 225 0 1 '
C 6076 2 1 0
N 6121
J 1105 250 1
J 1155 250 2
S 1 2
L 1115 250 12 0 3 0 1 0 LOCK1
I 5292 FIBERLED 1 440 530 0 1 '
C 5435 2 33 0
C 5436 2 32 0
C 5364 1 30 0
X 29 0
C 5299 1 28 0
C 5298 2 27 0
C 5300 2 26 0
C 5295 1 22 0
C 5297 1 23 0
C 5296 2 24 0
X 13 0
I 5167 FIBERLED 1 55 530 0 1 '
C 5432 2 33 0
C 5431 2 32 0
X 13 0
C 5149 1 24 0
C 5146 2 23 0
C 5144 2 22 0
C 5150 1 26 0
C 5147 1 27 0
C 5148 2 28 0
X 29 0
C 5358 2 30 0
N 5489
J 1335 1055 7
J 1370 1055 8
B 1 2
L 1335 1060 14 0 3 0 1 0 LD[7:0]
I 5945 MUX8_16B 1 1185 570 0 1 '
C 5925 1 50 0
C 5916 2 28 0
C 5924 2 58 0
C 5923 1 59 0
C 6235 2 40 0
C 6236 1 53 0
C 5920 1 54 0
C 5919 1 55 0
C 5918 1 56 0
C 5917 2 57 0
C 6154 2 35 0
I 5943 MUX8_16B 1 1185 310 0 1 '
C 6153 1 35 0
C 5926 1 57 0
C 5946 2 56 0
C 5932 1 55 0
C 5931 2 54 0
C 6244 2 53 0
C 6237 2 40 0
C 5944 2 59 0
C 5928 2 58 0
C 5948 1 28 0
C 5927 2 50 0
I 5937 MUX8_8B 1 1095 835 0 1 '
C 6152 2 35 0
C 6155 1 57 0
C 5934 2 56 0
C 5941 1 55 0
C 5942 2 54 0
C 5936 1 53 0
C 5935 2 40 0
C 5933 1 59 0
C 5939 2 58 0
C 5947 1 28 0
C 5940 2 50 0
N 5467
J 1660 1000 1
J 1615 1000 2
S 2 1
L 1615 1000 14 0 3 0 1 0 LDZ0
N 5068
J 1540 230 2
J 1570 230 1
S 1 2
L 1535 230 12 0 3 0 1 1 BCLK
I 6165 virtex2p:VCC 1 1495 920 1 1 '
C 5483 2 2 0
I 6168 virtex2p:GND 1 1455 980 3 1 '
C 5481 1 4 0
N 6152
J 1280 1055 7
J 1245 1055 8
B 2 1
L 1245 1060 14 0 3 0 1 0 LD-B[7:0]
I 6079 virtex:OPAD 1 970 290 0 1 '
C 6075 2 1 0
I 6081 virtex:OPAD 1 970 140 0 1 '
C 6077 2 1 0
N 6216
J 475 900 7
J 430 900 8
B 2 1
L 415 905 12 0 3 0 1 0 L1_MA[15:0]
N 6225
J 200 840 8
J 255 840 11
J 200 880 8
J 255 880 11
J 310 900 8
J 255 900 9
J 200 800 8
J 255 800 11
J 255 760 9
J 200 760 8
B 7 8
L 190 805 14 0 3 0 1 0 L1MA[11:8]
B 1 2
L 190 845 14 0 3 0 1 0 L1MA[7:4]
B 8 2
B 6 5
L 265 905 14 0 3 0 1 0 L1MA[15:0]
B 9 8
B 2 4
B 4 6
B 3 4
L 190 885 14 0 3 0 1 0 L1MA[3:0]
B 10 9
L 190 765 14 0 3 0 1 0 L1MA[15:12]
N 6203
J 1085 765 7
J 1040 765 8
B 2 1
L 1025 770 12 0 3 0 1 0 L0_MA[15:0]
N 6235
J 1130 740 7
J 1185 740 8
B 1 2
L 1130 745 12 0 3 0 1 0 L0_MA[15:0]
N 5924
J 1120 780 7
J 1185 780 8
B 1 2
L 1120 785 12 0 3 0 1 0 STAT[15:0]
N 5928
J 1120 520 7
J 1185 520 8
B 1 2
L 1120 525 12 0 3 0 1 0 STAT[31:16]
N 5923
J 1185 760 8
J 1120 760 7
B 2 1
L 1120 765 12 0 3 0 1 0 RD_CTL[15:0]
N 6240
J 655 1065 1
J 740 1065 2
S 1 2
L 665 1065 14 0 3 0 1 0 L1A_ERROR
N 6239
J 655 1045 1
J 740 1045 2
S 1 2
L 665 1045 14 0 3 0 1 0 TIMEOUT
N 6241
J 655 1025 1
J 740 1025 2
S 1 2
L 665 1025 14 0 3 0 1 0 STUCK_DAT
N 6238
J 620 1005 1
J 740 1005 2
S 1 2
L 630 1005 18 0 3 0 1 0 SINGLEERROR
N 6253
J 740 960 2
J 680 960 1
S 2 1
L 685 960 14 0 3 0 1 0 NOT_RDY
N 6231
J 685 940 1
J 740 940 2
S 1 2
L 695 940 12 0 3 0 1 0 M_EMPTY0
N 6246
J 740 920 2
J 660 920 1
S 2 1
L 665 920 14 0 3 0 1 0 LFIFO_EMPTY
N 6245
J 660 890 1
J 740 890 2
S 1 2
L 665 890 14 0 3 0 1 0 LFIFODONE
I 6193 virtex2p:BUF 1 740 860 0 1 '
C 6171 24 1 0
C 6248 1 2 0
N 6248
J 740 870 2
J 660 870 1
S 2 1
L 665 870 14 0 3 0 1 0 DOFW+1
N 6247
J 740 830 2
J 660 830 1
S 2 1
L 665 830 14 0 3 0 1 0 LNEXT_FIBER
N 6227
J 740 850 2
J 635 850 1
S 2 1
L 640 850 14 0 3 0 1 0 EVENT0HAD_DATA
I 6257 virtex2p:BUF 1 740 820 0 1 '
C 6171 5 1 0
C 6247 1 2 0
N 6250
J 740 780 2
J 685 780 1
S 2 1
L 690 780 14 0 3 0 1 0 ENDEVT
N 6171
J 730 725 2
J 810 750 2
J 810 780 2
J 810 800 2
J 810 830 2
J 810 920 2
J 810 980 2
J 810 1025 2
J 810 1045 2
J 810 1065 2
J 845 1065 9
J 845 1045 11
J 845 1025 11
J 810 1005 2
J 845 1005 11
J 845 980 11
J 810 960 2
J 845 960 11
J 810 940 2
J 845 940 11
J 845 920 11
J 810 890 2
J 845 890 11
J 810 870 2
J 845 870 11
J 810 850 2
J 845 850 11
J 845 830 11
J 845 800 11
J 845 780 11
J 920 765 8
J 845 765 11
J 845 750 11
J 845 725 9
S 1 34
L 790 725 14 0 3 0 1 0 L0MA15
B 33 32
B 32 31
L 855 770 14 0 3 0 1 0 L0MA[15:0]
B 32 30
B 30 29
B 29 28
B 28 27
S 26 27
L 790 850 14 0 3 0 1 0 L0MA10
B 27 25
S 24 25
L 795 870 14 0 3 0 1 0 L0MA9
B 25 23
S 22 23
L 795 890 14 0 3 0 1 0 L0MA8
B 23 21
B 21 20
S 19 20
L 795 940 14 0 3 0 1 0 L0MA6
B 20 18
S 17 18
L 795 960 14 0 3 0 1 0 L0MA5
B 18 16
B 16 15
S 14 15
L 795 1005 14 0 3 0 1 0 L0MA3
B 15 13
B 13 12
B 12 11
S 10 11
L 795 1065 14 0 3 0 1 0 L0MA0
S 9 12
L 795 1045 14 0 3 0 1 0 L0MA1
S 8 13
L 795 1025 14 0 3 0 1 0 L0MA2
S 7 16
L 795 980 14 0 3 0 1 0 L0MA4
S 6 21
L 795 920 14 0 3 0 1 0 L0MA7
S 5 28
L 790 830 14 0 3 0 1 0 L0MA11
S 4 29
L 790 800 14 0 3 0 1 0 L0MA12
S 3 30
L 790 780 14 0 3 0 1 0 L0MA13
S 2 33
L 790 750 14 0 3 0 1 0 L0MA14
B 34 33
I 6268 OR8_BUS 1 650 695 0 1 '
C 6267 1 9 0
C 6171 1 10 0
N 6269
J 740 750 2
J 685 750 1
S 2 1
L 695 750 14 0 3 0 1 0 FREE0
I 6213 virtex2p:FD16CE 1 310 820 0 1 '
C 6215 2 3 0
C 6214 1 7 0
C 6222 2 8 0
C 6225 5 1 0
C 6216 2 4 0
I 6221 virtex2p:VCC 1 305 860 1 1 '
C 6214 2 2 0
I 6232 BUF4 1 130 870 0 1 '
C 6225 3 1 0
C 6230 1 2 0
I 6223 BUF4 1 130 790 0 1 '
C 6206 2 2 0
C 6225 7 1 0
I 6234 BUF4 1 130 830 0 1 '
C 6229 1 2 0
C 6225 1 1 0
I 6205 BUF4 1 130 750 0 1 '
C 6225 10 1 0
C 6224 1 2 0
N 6270
J 680 980 1
J 740 980 2
S 1 2
L 690 980 14 0 3 0 1 0 BAD0FW
T 1615 820 30 0 3 m7
Q 13 0 0
T 20 1000 80 0 3 END
Q 12 4 0
T 1645 595 12 0 3 "clk1"
Q 11 0 0
T 1645 575 12 0 3 "clk2"
Q 11 0 0
T 616 -2 20 0 3 CMS CSC Electronics
Q 11 0 0
T 1290 35 25 0 3 1
Q 11 0 0
T 1144 30 25 0 3 JRG
Q 11 0 0
T 616 38 20 0 3 Input Control
Q 11 0 0
T 616 18 20 0 3 DDU Input Controller Logic
Q 11 0 0
T 1530 30 25 0 3 D785D
Q 11 0 0
T 1645 635 12 0 3 "clk2"
Q 11 0 0
T 1645 655 12 0 3 "clk1"
Q 11 0 0
T 1632 1 25 0 3 2I
Q 11 0 0
T 145 610 24 0 6 Page 33
Q 14 0 0
T 1680 610 20 0 9 ^^^LA0 pin2
Q 11 3 0
T 1680 550 20 0 9 ^^^LA1 pin2
Q 11 3 0
T 850 995 30 0 3 *trig
Q 13 0 0
T 765 690 30 0 3 L0mA,B
Q 13 0 0
T 1680 65 20 0 9 SlowCLK=2.5MHz, BCLK_EN=38 Hz.  Shift 13 will give ~1.5Hz BCLK,
+  Shift 5 gives ~4Hz.
Q 14 0 0
T 265 795 30 0 3 L1mA
Q 13 0 0
T 670 955 20 0 9 NotRdy False means AllRdy or All-MT-->>
Q 14 0 0
U 1310 5 20 0 9 3 @DATETIME=11-27-2006_9:42
U 1550 0 20 0 3 3 @SHEET=10
U 1510 0 20 0 9 3 @NAME=INCNTRL
I 6141 virtex2p:VCC 1 1495 895 1 1 '
C 5485 1 2 0
E
