V 51
K 398360777000 trigcon
Y 0
D 0 0 1700 1100
Z 1
i 1069
N 1060
J 1210 345 1
J 1235 345 2
S 1 2
L 1220 345 10 0 3 0 1 0 CLK
I 1061 virtex2:FD 1 1395 285 0 1 '
C 1068 1 3 0
C 1067 2 1 0
C 1069 2 4 0
I 1062 virtex2:SRL16 1 1235 225 0 1 '
A 1235 230 10 0 3 0 @INIT=0000
C 1060 2 8 0
C 1063 1 5 0
C 1064 2 4 0
C 1065 1 3 0
C 1066 2 2 0
C 1048 1 1 0
C 1067 1 7 0
N 1063
J 1235 265 2
J 1195 265 1
S 2 1
L 1200 265 10 0 3 0 1 0 LOGICL
N 1064
J 1195 285 1
J 1235 285 2
S 1 2
L 1200 285 10 0 3 0 1 0 LOGICL
N 1065
J 1235 305 2
J 1195 305 1
S 2 1
L 1200 305 10 0 3 0 1 0 LOGICH
N 1066
J 1195 325 1
J 1235 325 2
S 1 2
L 1200 325 10 0 3 0 1 0 LOGICL
N 1067
J 1355 365 2
J 1395 365 2
S 1 2
N 1068
J 1395 325 2
J 1370 325 1
S 2 1
L 1380 325 10 0 3 0 1 0 CLK
N 1069
J 1555 365 1
J 1515 365 2
S 2 1
L 1520 365 10 0 3 0 1 0 FBXB81
N 1059
J 1530 610 2
J 1570 610 1
S 1 2
L 1535 610 10 0 3 0 1 0 FBWB79
N 1058
J 1385 570 1
J 1410 570 2
S 1 2
L 1395 570 10 0 3 0 1 0 CLK
N 1057
J 1410 610 2
J 1370 610 2
S 2 1
N 1052
J 1250 570 2
J 1210 570 1
S 2 1
L 1215 570 10 0 3 0 1 0 LOGICH
N 1053
J 1210 550 1
J 1250 550 2
S 1 2
L 1215 550 10 0 3 0 1 0 LOGICH
N 1054
J 1250 530 2
J 1210 530 1
S 2 1
L 1215 530 10 0 3 0 1 0 LOGICH
N 1055
J 1210 510 1
J 1250 510 2
S 1 2
L 1215 510 10 0 3 0 1 0 LOGICL
I 1008 virtex2:SRL16 1 920 265 0 1 '
A 920 270 10 0 3 0 @INIT=0000
C 1018 2 8 0
C 1017 1 5 0
C 1016 2 4 0
C 1015 1 3 0
C 1014 2 2 0
C 1009 2 1 0
C 1046 2 7 0
N 1009
J 880 425 2
J 920 425 2
S 1 2
I 1010 virtex2:SRL16 1 595 305 0 1 '
A 595 310 10 0 3 0 @INIT=0000
C 1024 1 7 0
C 1023 2 1 0
C 1033 1 2 0
C 1032 2 3 0
C 1031 1 4 0
C 1030 2 5 0
C 1028 1 8 0
I 1011 virtex2:SRL16 1 435 325 0 1 '
A 435 330 10 0 3 0 @INIT=0000
A 435 315 10 0 3 1 INIT=0000
C 1027 2 8 0
C 1022 1 5 0
C 1021 2 4 0
C 1020 1 3 0
C 1019 2 2 0
C 1038 2 1 0
C 1023 1 7 0
I 1012 virtex2:XNOR2 1 305 455 0 1 '
C 1038 1 1 0
C 1025 2 2 0
C 1026 1 3 0
I 1013 virtex2:SRL16 1 760 285 0 1 '
A 760 290 10 0 3 0 @INIT=0000
C 1009 1 7 0
C 1024 2 1 0
C 1037 1 2 0
C 1036 2 3 0
C 1035 1 4 0
C 1034 2 5 0
C 1029 1 8 0
N 1014
J 880 365 1
J 920 365 2
S 1 2
L 885 365 10 0 3 0 1 0 LOGICH
N 1015
J 920 345 2
J 880 345 1
S 2 1
L 885 345 10 0 3 0 1 0 LOGICH
N 1016
J 880 325 1
J 920 325 2
S 1 2
L 885 325 10 0 3 0 1 0 LOGICH
N 1017
J 920 305 2
J 880 305 1
S 2 1
L 885 305 10 0 3 0 1 0 LOGICH
N 1018
J 895 385 1
J 920 385 2
S 1 2
L 905 385 10 0 3 0 1 0 CLK
N 1019
J 395 425 1
J 435 425 2
S 1 2
L 400 425 10 0 3 0 1 0 LOGICH
N 1020
J 435 405 2
J 395 405 1
S 2 1
L 400 405 10 0 3 0 1 0 LOGICH
N 1021
J 395 385 1
J 435 385 2
S 1 2
L 400 385 10 0 3 0 1 0 LOGICH
N 1022
J 435 365 2
J 395 365 1
S 2 1
L 400 365 10 0 3 0 1 0 LOGICH
N 1023
J 555 465 2
J 595 465 2
S 1 2
N 1024
J 715 445 2
J 760 445 2
S 1 2
N 1025
J 260 495 1
J 305 495 2
S 1 2
L 265 495 10 0 3 0 1 0 FBXB81
N 1026
J 305 475 2
J 260 475 1
S 2 1
L 265 475 10 0 3 0 1 0 FBXB77
N 1027
J 410 445 1
J 435 445 2
S 1 2
L 420 445 10 0 3 0 1 0 CLK
N 1028
J 595 425 2
J 570 425 1
S 2 1
L 580 425 10 0 3 0 1 0 CLK
N 1029
J 760 405 2
J 735 405 1
S 2 1
L 745 405 10 0 3 0 1 0 CLK
N 1030
J 555 345 1
J 595 345 2
S 1 2
L 560 345 10 0 3 0 1 0 LOGICH
N 1031
J 595 365 2
J 555 365 1
S 2 1
L 560 365 10 0 3 0 1 0 LOGICH
N 1032
J 555 385 1
J 595 385 2
S 1 2
L 560 385 10 0 3 0 1 0 LOGICH
N 1033
J 595 405 2
J 555 405 1
S 2 1
L 560 405 10 0 3 0 1 0 LOGICH
N 1034
J 720 325 1
J 760 325 2
S 1 2
L 725 325 10 0 3 0 1 0 LOGICH
N 1035
J 760 345 2
J 720 345 1
S 2 1
L 725 345 10 0 3 0 1 0 LOGICH
N 1036
J 720 365 1
J 760 365 2
S 1 2
L 725 365 10 0 3 0 1 0 LOGICH
N 1037
J 760 385 2
J 720 385 1
S 2 1
L 725 385 10 0 3 0 1 0 LOGICH
N 1041
J 1080 365 2
J 1055 365 1
S 2 1
L 1065 365 10 0 3 0 1 0 CLK
N 1042
J 1040 285 1
J 1080 285 2
S 1 2
L 1045 285 10 0 3 0 1 0 LOGICH
N 1043
J 1080 305 2
J 1040 305 1
S 2 1
L 1045 305 10 0 3 0 1 0 LOGICH
N 1044
J 1040 325 1
J 1080 325 2
S 1 2
L 1045 325 10 0 3 0 1 0 LOGICL
N 1045
J 1080 345 2
J 1040 345 1
S 2 1
L 1045 345 10 0 3 0 1 0 LOGICL
N 1046
J 1080 405 2
J 1040 405 2
S 2 1
I 1047 virtex2:SRL16 1 1080 245 0 1 '
A 1080 250 10 0 3 0 @INIT=0000
C 1048 2 7 0
C 1046 1 1 0
C 1045 1 2 0
C 1044 2 3 0
C 1043 1 4 0
C 1042 2 5 0
C 1041 1 8 0
I 966 virtex2:SRL16 1 930 510 0 1 '
A 930 515 10 0 3 0 @INIT=0000
C 1004 1 7 0
C 967 1 1 0
C 972 1 2 0
C 973 2 3 0
C 974 1 4 0
C 975 2 5 0
C 976 1 8 0
N 967
J 930 670 2
J 890 670 2
S 2 1
I 968 virtex2:SRL16 1 605 550 0 1 '
A 605 555 10 0 3 0 @INIT=0000
C 986 2 8 0
C 988 1 5 0
C 989 2 4 0
C 990 1 3 0
C 991 2 2 0
C 981 1 1 0
C 982 2 7 0
I 969 virtex2:SRL16 1 445 570 0 1 '
A 445 560 10 0 3 1 INIT=0000
A 445 575 10 0 3 0 @INIT=0000
C 981 2 7 0
C 996 1 1 0
C 977 1 2 0
C 978 2 3 0
C 979 1 4 0
C 980 2 5 0
C 985 1 8 0
I 970 virtex2:XNOR2 1 315 700 0 1 '
C 984 2 3 0
C 983 1 2 0
C 996 2 1 0
I 971 virtex2:SRL16 1 770 530 0 1 '
A 770 535 10 0 3 0 @INIT=0000
C 987 2 8 0
C 992 1 5 0
C 993 2 4 0
C 994 1 3 0
C 995 2 2 0
C 982 1 1 0
C 967 2 7 0
N 972
J 930 610 2
J 890 610 1
S 2 1
L 895 610 10 0 3 0 1 0 LOGICH
N 973
J 890 590 1
J 930 590 2
S 1 2
L 895 590 10 0 3 0 1 0 LOGICH
N 974
J 930 570 2
J 890 570 1
S 2 1
L 895 570 10 0 3 0 1 0 LOGICH
N 975
J 890 550 1
J 930 550 2
S 1 2
L 895 550 10 0 3 0 1 0 LOGICH
N 976
J 930 630 2
J 905 630 1
S 2 1
L 915 630 10 0 3 0 1 0 CLK
N 977
J 445 670 2
J 405 670 1
S 2 1
L 410 670 10 0 3 0 1 0 LOGICH
N 978
J 405 650 1
J 445 650 2
S 1 2
L 410 650 10 0 3 0 1 0 LOGICH
N 979
J 445 630 2
J 405 630 1
S 2 1
L 410 630 10 0 3 0 1 0 LOGICH
N 980
J 405 610 1
J 445 610 2
S 1 2
L 410 610 10 0 3 0 1 0 LOGICH
N 981
J 605 710 2
J 565 710 2
S 2 1
N 982
J 770 690 2
J 725 690 2
S 2 1
N 983
J 315 740 2
J 270 740 1
S 2 1
L 275 740 10 0 3 0 1 0 FBWB79
N 984
J 270 720 1
J 315 720 2
S 1 2
L 275 720 10 0 3 0 1 0 FBWB70
N 985
J 445 690 2
J 420 690 1
S 2 1
L 430 690 10 0 3 0 1 0 CLK
N 986
J 580 670 1
J 605 670 2
S 1 2
L 590 670 10 0 3 0 1 0 CLK
N 987
J 745 650 1
J 770 650 2
S 1 2
L 755 650 10 0 3 0 1 0 CLK
N 988
J 605 590 2
J 565 590 1
S 2 1
L 570 590 10 0 3 0 1 0 LOGICH
N 989
J 565 610 1
J 605 610 2
S 1 2
L 570 610 10 0 3 0 1 0 LOGICH
N 990
J 605 630 2
J 565 630 1
S 2 1
L 570 630 10 0 3 0 1 0 LOGICH
N 991
J 565 650 1
J 605 650 2
S 1 2
L 570 650 10 0 3 0 1 0 LOGICH
N 992
J 770 570 2
J 730 570 1
S 2 1
L 735 570 10 0 3 0 1 0 LOGICH
N 993
J 730 590 1
J 770 590 2
S 1 2
L 735 590 10 0 3 0 1 0 LOGICH
N 994
J 770 610 2
J 730 610 1
S 2 1
L 735 610 10 0 3 0 1 0 LOGICH
N 995
J 730 630 1
J 770 630 2
S 1 2
L 735 630 10 0 3 0 1 0 LOGICH
N 996
J 445 730 2
J 395 730 2
S 2 1
L 405 730 10 0 3 0 1 0 FBWB0
N 999
J 1065 610 1
J 1090 610 2
S 1 2
L 1075 610 10 0 3 0 1 0 CLK
N 1000
J 1090 530 2
J 1050 530 1
S 2 1
L 1055 530 10 0 3 0 1 0 LOGICL
N 1001
J 1050 550 1
J 1090 550 2
S 1 2
L 1055 550 10 0 3 0 1 0 LOGICH
N 1002
J 1090 570 2
J 1050 570 1
S 2 1
L 1055 570 10 0 3 0 1 0 LOGICL
N 1003
J 1050 590 1
J 1090 590 2
S 1 2
L 1055 590 10 0 3 0 1 0 LOGICH
N 1004
J 1050 650 2
J 1090 650 2
S 1 2
N 964
J 1245 870 2
J 1210 870 2
S 2 1
I 957 virtex2:SRL16 1 1090 730 0 1 '
A 1090 735 10 0 3 0 @INIT=0000
C 964 2 7 0
C 958 1 1 0
C 959 1 2 0
C 960 2 3 0
C 961 1 4 0
C 962 2 5 0
C 963 1 8 0
N 958
J 1090 890 2
J 1050 890 2
S 2 1
N 959
J 1090 830 2
J 1050 830 1
S 2 1
L 1055 830 10 0 3 0 1 0 LOGICH
N 960
J 1050 810 1
J 1090 810 2
S 1 2
L 1055 810 10 0 3 0 1 0 LOGICH
N 961
J 1090 790 2
J 1050 790 1
S 2 1
L 1055 790 10 0 3 0 1 0 LOGICH
N 963
J 1090 850 2
J 1065 850 1
S 2 1
L 1075 850 10 0 3 0 1 0 CLK
N 927
J 1220 830 1
J 1245 830 2
S 1 2
L 1230 830 10 0 3 0 1 0 CLK
N 928
J 1405 870 1
J 1365 870 2
S 2 1
L 1370 870 10 0 3 0 1 0 FBVB73
N 932
J 770 870 2
J 730 870 1
S 2 1
L 735 870 10 0 3 0 1 0 LOGICH
N 933
J 730 850 1
J 770 850 2
S 1 2
L 735 850 10 0 3 0 1 0 LOGICH
N 934
J 770 830 2
J 730 830 1
S 2 1
L 735 830 10 0 3 0 1 0 LOGICH
N 935
J 730 810 1
J 770 810 2
S 1 2
L 735 810 10 0 3 0 1 0 LOGICH
N 936
J 605 890 2
J 565 890 1
S 2 1
L 570 890 10 0 3 0 1 0 LOGICH
N 937
J 565 870 1
J 605 870 2
S 1 2
L 570 870 10 0 3 0 1 0 LOGICH
N 938
J 605 850 2
J 565 850 1
S 2 1
L 570 850 10 0 3 0 1 0 LOGICH
N 939
J 565 830 1
J 605 830 2
S 1 2
L 570 830 10 0 3 0 1 0 LOGICH
N 940
J 770 890 2
J 745 890 1
S 2 1
L 755 890 10 0 3 0 1 0 CLK
N 941
J 605 910 2
J 580 910 1
S 2 1
L 590 910 10 0 3 0 1 0 CLK
N 942
J 420 930 1
J 445 930 2
S 1 2
L 430 930 10 0 3 0 1 0 CLK
N 943
J 315 960 2
J 270 960 1
S 2 1
L 275 960 10 0 3 0 1 0 FBVB48
N 944
J 270 980 1
J 315 980 2
S 1 2
L 275 980 10 0 3 0 1 0 FBVB73
N 945
J 725 930 2
J 770 930 2
S 1 2
N 946
J 565 950 2
J 605 950 2
S 1 2
N 947
J 445 850 2
J 405 850 1
S 2 1
L 410 850 10 0 3 0 1 0 LOGICH
N 948
J 405 870 1
J 445 870 2
S 1 2
L 410 870 10 0 3 0 1 0 LOGICH
N 949
J 445 890 2
J 405 890 1
S 2 1
L 410 890 10 0 3 0 1 0 LOGICH
N 950
J 405 910 1
J 445 910 2
S 1 2
L 410 910 10 0 3 0 1 0 LOGICH
N 952
J 905 870 1
J 930 870 2
S 1 2
L 915 870 10 0 3 0 1 0 CLK
N 953
J 930 790 2
J 890 790 1
S 2 1
L 895 790 10 0 3 0 1 0 LOGICH
N 954
J 890 810 1
J 930 810 2
S 1 2
L 895 810 10 0 3 0 1 0 LOGICH
N 955
J 930 830 2
J 890 830 1
S 2 1
L 895 830 10 0 3 0 1 0 LOGICH
N 956
J 890 850 1
J 930 850 2
S 1 2
L 895 850 10 0 3 0 1 0 LOGICH
I 926 virtex2:SRL16 1 770 770 0 1 '
A 770 775 10 0 3 0 @INIT=0000
C 924 1 7 0
C 945 2 1 0
C 932 1 2 0
C 933 2 3 0
C 934 1 4 0
C 935 2 5 0
C 940 1 8 0
I 930 virtex2:XNOR2 1 315 940 0 1 '
C 929 1 1 0
C 944 2 2 0
C 943 1 3 0
I 931 virtex2:SRL16 1 445 810 0 1 '
A 445 815 10 0 3 0 @INIT=0000
A 445 800 10 0 3 1 INIT=0000
C 942 2 8 0
C 947 1 5 0
C 948 2 4 0
C 949 1 3 0
C 950 2 2 0
C 929 2 1 0
C 946 1 7 0
I 951 virtex2:SRL16 1 605 790 0 1 '
A 605 795 10 0 3 0 @INIT=0000
C 945 1 7 0
C 946 2 1 0
C 936 1 2 0
C 937 2 3 0
C 938 1 4 0
C 939 2 5 0
C 941 1 8 0
I 110 PAGE 1 0 0 0 1 '
N 924
J 890 910 2
J 930 910 2
S 1 2
L 890 910 10 0 3 0 1 0 FBVB48
I 925 virtex2:SRL16 1 930 750 0 1 '
A 930 755 10 0 3 0 @INIT=0000
C 952 2 8 0
C 953 1 5 0
C 954 2 4 0
C 955 1 3 0
C 956 2 2 0
C 924 2 1 0
C 958 2 7 0
I 922 virtex2:FD 1 1245 790 0 1 '
C 928 2 4 0
C 964 1 1 0
C 927 2 3 0
I 1005 virtex2:SRL16 1 1090 490 0 1 '
A 1090 495 10 0 3 0 @INIT=0000
C 999 2 8 0
C 1000 1 5 0
C 1001 2 4 0
C 1002 1 3 0
C 1003 2 2 0
C 1004 2 1 0
C 1006 2 7 0
I 1050 virtex2:SRL16 1 1250 470 0 1 '
A 1250 475 10 0 3 0 @INIT=0000
C 1057 2 7 0
C 1006 1 1 0
C 1052 1 2 0
C 1053 2 3 0
C 1054 1 4 0
C 1055 2 5 0
C 1056 1 8 0
I 1049 virtex2:FD 1 1410 530 0 1 '
C 1059 1 4 0
C 1057 1 1 0
C 1058 2 3 0
N 1056
J 1250 590 2
J 1225 590 1
S 2 1
L 1235 590 10 0 3 0 1 0 CLK
N 1006
J 1250 630 2
J 1210 630 2
S 2 1
L 1215 630 10 0 3 0 1 0 FBWB70
N 1048
J 1235 385 2
J 1200 385 2
S 2 1
L 1205 385 10 0 3 0 1 0 FBXB77
N 929
J 395 970 2
J 445 970 2
S 1 2
L 405 970 10 0 3 0 1 0 FBVB0
N 1038
J 385 485 2
J 435 485 2
S 1 2
L 395 485 10 0 3 0 1 0 FBXB0
N 962
J 1050 770 1
J 1090 770 2
S 1 2
L 1055 770 10 0 3 0 1 0 LOGICL
T 750 0 20 0 3 CMS CSC Electronics
Q 11 0 0
T 1145 30 25 0 3 GU
Q 11 0 0
T 750 20 20 0 3 DAQ Motherboard Controller
Q 11 0 0
T 1255 30 25 0 3 50A
Q 11 0 0
T 750 40 20 0 3 More Random L1ACC
Q 11 0 0
T 1630 0 25 0 3 60N
Q 11 0 0
T 295 900 20 0 3 LFSR 73
T 295 660 20 0 3 LFSR 79
T 285 415 20 0 3 LFSR 81
U 1550 0 20 0 3 3 @SHEET=15
U 1540 0 20 0 9 3 @NAME=RANDOMTRG
U 1210 10 14 0 3 3 @DATETIME=3-5-2003_16:03
T 1495 35 25 0 3 DMB6CNTL
Q 11 0 0
E
