V 51
K 398360777000 trigcon
Y 0
D 0 0 1700 1100
Z 1
i 1166
I 1132 virtex2:FD 1 1060 365 0 1 '
C 1138 1 4 0
C 1133 2 1 0
C 1137 1 3 0
N 1133
J 1010 445 2
J 1060 445 2
S 1 2
L 1015 445 10 0 3 0 1 0 FBRB62
N 1134
J 890 465 2
J 850 465 2
S 2 1
I 1135 virtex2:SRL16 1 890 305 0 1 '
A 890 310 10 0 3 0 @INIT=0000
C 1162 1 8 0
C 1163 2 5 0
C 1164 1 4 0
C 1165 2 3 0
C 1166 1 2 0
C 1134 1 1 0
C 1133 1 7 0
I 1136 virtex2:SRL16 1 730 325 0 1 '
A 730 330 10 0 3 0 @INIT=0000
C 1134 2 7 0
C 1155 1 1 0
C 1142 2 2 0
C 1143 1 3 0
C 1144 2 4 0
C 1145 1 5 0
C 1150 2 8 0
N 1137
J 1060 405 2
J 1035 405 1
S 2 1
L 1045 405 10 0 3 0 1 0 CLK
N 1138
J 1180 445 2
J 1220 445 1
S 1 2
L 1185 445 10 0 3 0 1 0 FBRB63
N 1139
J 405 525 2
J 355 525 2
S 2 1
L 365 525 10 0 3 0 1 0 FBRB0
I 1140 virtex2:XNOR2 1 275 495 0 1 '
C 1139 2 1 0
C 1154 1 2 0
C 1153 2 3 0
I 1141 virtex2:SRL16 1 405 365 0 1 '
A 405 370 10 0 3 0 @INIT=0000
A 405 355 10 0 3 1 INIT=0000
C 1152 1 8 0
C 1157 2 5 0
C 1158 1 4 0
C 1159 2 3 0
C 1160 1 2 0
C 1139 1 1 0
C 1156 2 7 0
N 1142
J 690 425 1
J 730 425 2
S 1 2
L 695 425 10 0 3 0 1 0 LOGICH
N 1143
J 730 405 2
J 690 405 1
S 2 1
L 695 405 10 0 3 0 1 0 LOGICH
N 1144
J 690 385 1
J 730 385 2
S 1 2
L 695 385 10 0 3 0 1 0 LOGICH
N 1145
J 730 365 2
J 690 365 1
S 2 1
L 695 365 10 0 3 0 1 0 LOGICH
N 1146
J 525 445 1
J 565 445 2
S 1 2
L 530 445 10 0 3 0 1 0 LOGICH
N 1147
J 565 425 2
J 525 425 1
S 2 1
L 530 425 10 0 3 0 1 0 LOGICH
N 1148
J 525 405 1
J 565 405 2
S 1 2
L 530 405 10 0 3 0 1 0 LOGICH
N 1149
J 565 385 2
J 525 385 1
S 2 1
L 530 385 10 0 3 0 1 0 LOGICH
N 1150
J 705 445 1
J 730 445 2
S 1 2
L 715 445 10 0 3 0 1 0 CLK
N 1151
J 540 465 1
J 565 465 2
S 1 2
L 550 465 10 0 3 0 1 0 CLK
N 1152
J 405 485 2
J 380 485 1
S 2 1
L 390 485 10 0 3 0 1 0 CLK
N 1153
J 230 515 1
J 275 515 2
S 1 2
L 235 515 10 0 3 0 1 0 FBRB62
N 1154
J 275 535 2
J 230 535 1
S 2 1
L 235 535 10 0 3 0 1 0 FBRB63
N 1155
J 730 485 2
J 685 485 2
S 2 1
N 1156
J 565 505 2
J 525 505 2
S 2 1
N 1157
J 365 405 1
J 405 405 2
S 1 2
L 370 405 10 0 3 0 1 0 LOGICH
N 1158
J 405 425 2
J 365 425 1
S 2 1
L 370 425 10 0 3 0 1 0 LOGICH
N 1159
J 365 445 1
J 405 445 2
S 1 2
L 370 445 10 0 3 0 1 0 LOGICH
N 1160
J 405 465 2
J 365 465 1
S 2 1
L 370 465 10 0 3 0 1 0 LOGICH
I 1161 virtex2:SRL16 1 565 345 0 1 '
A 565 350 10 0 3 0 @INIT=0000
C 1155 2 7 0
C 1156 1 1 0
C 1146 2 2 0
C 1147 1 3 0
C 1148 2 4 0
C 1149 1 5 0
C 1151 2 8 0
N 1162
J 890 425 2
J 865 425 1
S 2 1
L 875 425 10 0 3 0 1 0 CLK
N 1163
J 850 345 1
J 890 345 2
S 1 2
L 855 345 10 0 3 0 1 0 LOGICH
N 1164
J 890 365 2
J 850 365 1
S 2 1
L 855 365 10 0 3 0 1 0 LOGICH
N 1165
J 850 385 1
J 890 385 2
S 1 2
L 855 385 10 0 3 0 1 0 LOGICL
N 1166
J 890 405 2
J 850 405 1
S 2 1
L 855 405 10 0 3 0 1 0 LOGICH
N 1125
J 850 640 1
J 890 640 2
S 1 2
L 855 640 10 0 3 0 1 0 LOGICL
N 1126
J 890 620 2
J 850 620 1
S 2 1
L 855 620 10 0 3 0 1 0 LOGICH
N 1127
J 850 600 1
J 890 600 2
S 1 2
L 855 600 10 0 3 0 1 0 LOGICL
N 1128
J 890 580 2
J 850 580 1
S 2 1
L 855 580 10 0 3 0 1 0 LOGICH
N 1129
J 865 660 1
J 890 660 2
S 1 2
L 875 660 10 0 3 0 1 0 CLK
I 1032 virtex2:SRL16 1 565 580 0 1 '
A 565 585 10 0 3 0 @INIT=0000
C 1050 1 8 0
C 1057 2 5 0
C 1058 1 4 0
C 1059 2 3 0
C 1060 1 2 0
C 1040 2 1 0
C 1044 1 7 0
N 1035
J 365 700 1
J 405 700 2
S 1 2
L 370 700 10 0 3 0 1 0 LOGICH
N 1036
J 405 680 2
J 365 680 1
S 2 1
L 370 680 10 0 3 0 1 0 LOGICH
N 1037
J 365 660 1
J 405 660 2
S 1 2
L 370 660 10 0 3 0 1 0 LOGICH
N 1038
J 405 640 2
J 365 640 1
S 2 1
L 370 640 10 0 3 0 1 0 LOGICH
N 1040
J 525 740 2
J 565 740 2
S 1 2
N 1044
J 685 720 2
J 730 720 2
S 1 2
N 1046
J 230 770 1
J 275 770 2
S 1 2
L 235 770 10 0 3 0 1 0 FBQB60
N 1047
J 275 750 2
J 230 750 1
S 2 1
L 235 750 10 0 3 0 1 0 FBQB59
N 1048
J 380 720 1
J 405 720 2
S 1 2
L 390 720 10 0 3 0 1 0 CLK
N 1050
J 565 700 2
J 540 700 1
S 2 1
L 550 700 10 0 3 0 1 0 CLK
N 1052
J 730 680 2
J 705 680 1
S 2 1
L 715 680 10 0 3 0 1 0 CLK
N 1057
J 525 620 1
J 565 620 2
S 1 2
L 530 620 10 0 3 0 1 0 LOGICH
N 1058
J 565 640 2
J 525 640 1
S 2 1
L 530 640 10 0 3 0 1 0 LOGICH
N 1059
J 525 660 1
J 565 660 2
S 1 2
L 530 660 10 0 3 0 1 0 LOGICH
N 1060
J 565 680 2
J 525 680 1
S 2 1
L 530 680 10 0 3 0 1 0 LOGICH
N 1061
J 690 600 1
J 730 600 2
S 1 2
L 695 600 10 0 3 0 1 0 LOGICH
N 1062
J 730 620 2
J 690 620 1
S 2 1
L 695 620 10 0 3 0 1 0 LOGICH
N 1063
J 690 640 1
J 730 640 2
S 1 2
L 695 640 10 0 3 0 1 0 LOGICH
N 1064
J 730 660 2
J 690 660 1
S 2 1
L 695 660 10 0 3 0 1 0 LOGICH
N 762
J 1340 945 2
J 1305 945 2
S 2 1
L 1310 945 10 0 3 0 1 0 FBPB50
N 923
J 1620 925 2
J 1660 925 1
S 1 2
L 1625 925 10 0 3 0 1 0 FBPB57
N 926
J 1500 925 2
J 1460 925 2
S 2 1
N 927
J 1340 905 2
J 1315 905 1
S 2 1
L 1325 905 10 0 3 0 1 0 CLK
N 928
J 1500 885 2
J 1475 885 1
S 2 1
L 1485 885 10 0 3 0 1 0 CLK
N 929
J 1300 825 1
J 1340 825 2
S 1 2
L 1305 825 10 0 3 0 1 0 LOGICL
N 930
J 1340 845 2
J 1300 845 1
S 2 1
L 1305 845 10 0 3 0 1 0 LOGICH
N 931
J 1300 865 1
J 1340 865 2
S 1 2
L 1305 865 10 0 3 0 1 0 LOGICL
N 932
J 1340 885 2
J 1300 885 1
S 2 1
L 1305 885 10 0 3 0 1 0 LOGICH
N 813
J 985 905 1
J 1025 905 2
S 1 2
L 990 905 10 0 3 0 1 0 LOGICH
N 814
J 1025 885 2
J 985 885 1
S 2 1
L 990 885 10 0 3 0 1 0 LOGICH
N 815
J 985 865 1
J 1025 865 2
S 1 2
L 990 865 10 0 3 0 1 0 LOGICH
N 816
J 1025 845 2
J 985 845 1
S 2 1
L 990 845 10 0 3 0 1 0 LOGICH
N 805
J 660 925 1
J 700 925 2
S 1 2
L 665 925 10 0 3 0 1 0 LOGICH
N 806
J 700 905 2
J 660 905 1
S 2 1
L 665 905 10 0 3 0 1 0 LOGICH
N 807
J 660 885 1
J 700 885 2
S 1 2
L 665 885 10 0 3 0 1 0 LOGICH
N 808
J 700 865 2
J 660 865 1
S 2 1
L 665 865 10 0 3 0 1 0 LOGICH
N 787
J 1160 905 1
J 1185 905 2
S 1 2
L 1170 905 10 0 3 0 1 0 CLK
N 785
J 1000 925 1
J 1025 925 2
S 1 2
L 1010 925 10 0 3 0 1 0 CLK
N 780
J 865 925 2
J 840 925 1
S 2 1
L 850 925 10 0 3 0 1 0 CLK
N 777
J 675 945 1
J 700 945 2
S 1 2
L 685 945 10 0 3 0 1 0 CLK
N 772
J 515 965 2
J 490 965 1
S 2 1
L 500 965 10 0 3 0 1 0 CLK
N 770
J 360 995 1
J 405 995 2
S 1 2
L 365 995 10 0 3 0 1 0 FBPB50
N 769
J 405 1015 2
J 360 1015 1
S 2 1
L 365 1015 10 0 3 0 1 0 FBPB57
N 729
J 1145 945 2
J 1185 945 2
S 1 2
N 685
J 865 965 2
J 820 965 2
S 2 1
I 110 PAGE 1 0 0 0 1 '
I 682 virtex2:FD 1 865 885 0 1 '
C 780 1 3 0
C 685 1 1 0
C 688 2 4 0
N 804
J 475 885 1
J 515 885 2
S 1 2
L 480 885 10 0 3 0 1 0 LOGICH
N 803
J 515 905 2
J 475 905 1
S 2 1
L 480 905 10 0 3 0 1 0 LOGICH
N 802
J 475 925 1
J 515 925 2
S 1 2
L 480 925 10 0 3 0 1 0 LOGICH
N 801
J 515 945 2
J 475 945 1
S 2 1
L 480 945 10 0 3 0 1 0 LOGICH
I 726 virtex2:FD 1 1185 865 0 1 '
C 787 2 3 0
C 729 2 1 0
C 762 2 4 0
I 916 virtex2:SRL16 1 1025 805 0 1 '
A 1025 810 10 0 3 0 @INIT=0000
C 729 1 7 0
C 688 1 1 0
C 813 2 2 0
C 814 1 3 0
C 815 2 4 0
C 816 1 5 0
C 785 2 8 0
I 920 virtex2:SRL16 1 700 825 0 1 '
A 700 830 10 0 3 0 @INIT=0000
C 685 2 7 0
C 652 2 1 0
C 805 2 2 0
C 806 1 3 0
C 807 2 4 0
C 808 1 5 0
C 777 2 8 0
N 688
J 1025 965 2
J 985 965 2
S 2 1
I 924 virtex2:SRL16 1 1340 785 0 1 '
A 1340 790 10 0 3 0 @INIT=0000
C 927 1 8 0
C 929 2 5 0
C 930 1 4 0
C 931 2 3 0
C 932 1 2 0
C 762 1 1 0
C 926 2 7 0
I 925 virtex2:FD 1 1500 845 0 1 '
C 923 1 4 0
C 926 1 1 0
C 928 1 3 0
I 1031 virtex2:SRL16 1 405 600 0 1 '
A 405 590 10 0 3 1 INIT=0000
A 405 605 10 0 3 0 @INIT=0000
C 1040 1 7 0
C 1056 2 1 0
C 1035 2 2 0
C 1036 1 3 0
C 1037 2 4 0
C 1038 1 5 0
C 1048 2 8 0
I 1042 virtex2:XNOR2 1 275 730 0 1 '
C 1047 1 3 0
C 1046 2 2 0
C 1056 1 1 0
N 1056
J 355 760 2
J 405 760 2
S 1 2
L 365 760 10 0 3 0 1 0 FBQB0
N 1072
J 1220 680 1
J 1180 680 2
S 2 1
L 1185 680 10 0 3 0 1 0 FBQB60
N 1069
J 1035 640 1
J 1060 640 2
S 1 2
L 1045 640 10 0 3 0 1 0 CLK
I 1033 virtex2:SRL16 1 730 560 0 1 '
A 730 565 10 0 3 0 @INIT=0000
C 1052 1 8 0
C 1061 2 5 0
C 1062 1 4 0
C 1063 2 3 0
C 1064 1 2 0
C 1044 2 1 0
C 1122 1 7 0
I 1130 virtex2:SRL16 1 890 540 0 1 '
A 890 545 10 0 3 0 @INIT=0000
C 1131 2 7 0
C 1122 2 1 0
C 1125 2 2 0
C 1126 1 3 0
C 1127 2 4 0
C 1128 1 5 0
C 1129 2 8 0
N 1122
J 850 700 2
J 890 700 2
S 1 2
N 1131
J 1060 680 2
J 1010 680 2
S 2 1
L 1015 680 10 0 3 0 1 0 FBQB59
I 1027 virtex2:FD 1 1060 600 0 1 '
C 1069 2 3 0
C 1131 1 1 0
C 1072 2 4 0
N 649
J 515 1005 2
J 485 1005 2
S 2 1
L 485 1005 10 0 3 0 1 0 FBPB0
I 642 virtex2:XNOR2 1 405 975 0 1 '
C 649 2 1 0
C 769 1 2 0
C 770 2 3 0
I 919 virtex2:SRL16 1 515 845 0 1 '
A 515 850 10 0 3 0 @INIT=0000
A 515 835 10 0 3 1 INIT=0000
C 772 1 8 0
C 804 2 5 0
C 803 1 4 0
C 802 2 3 0
C 801 1 2 0
C 649 1 1 0
C 652 1 7 0
N 652
J 635 985 2
J 700 985 2
S 1 2
T 750 0 20 0 3 CMS CSC Electronics
Q 11 0 0
T 1145 30 25 0 3 GU
Q 11 0 0
T 750 20 20 0 3 DAQ Motherboard Controller
Q 11 0 0
T 1255 30 25 0 3 50A
Q 11 0 0
T 750 40 20 0 3 More Random L1ACC
Q 11 0 0
T 1630 0 25 0 3 60L
Q 11 0 0
T 255 690 20 0 3 LFSR 60
T 255 455 20 0 3 LFSR 63
T 320 940 20 0 3 LFSR 57
U 1550 0 20 0 3 3 @SHEET=13
U 1540 0 20 0 9 3 @NAME=RANDOMTRG
U 1210 10 14 0 3 3 @DATETIME=3-5-2003_16:03
T 1495 35 25 0 3 DMB6CNTL
Q 11 0 0
E
