V 51
K 398360777000 trigcon
Y 0
D 0 0 1700 1100
Z 1
i 1089
N 1087
J 1380 320 1
J 1405 320 2
S 1 2
L 1390 320 10 0 3 0 1 0 CLK
N 1088
J 1525 360 2
J 1570 360 1
S 1 2
L 1535 360 10 0 3 0 1 0 FBHB55
I 1089 virtex2:FD 1 1405 280 0 1 '
C 1088 1 4 0
C 1086 2 1 0
C 1087 2 3 0
I 1080 virtex2:SRL16 1 1250 220 0 1 '
A 1250 225 10 0 3 0 @INIT=0000
A 1250 210 10 0 3 1 INIT=0000
C 1085 1 8 0
C 1084 2 5 0
C 1083 1 4 0
C 1082 2 3 0
C 1081 1 2 0
C 1037 1 1 0
C 1086 1 7 0
N 1081
J 1250 320 2
J 1210 320 1
S 2 1
L 1215 320 10 0 3 0 1 0 LOGICL
N 1082
J 1210 300 1
J 1250 300 2
S 1 2
L 1215 300 10 0 3 0 1 0 LOGICH
N 1083
J 1250 280 2
J 1210 280 1
S 2 1
L 1215 280 10 0 3 0 1 0 LOGICH
N 1084
J 1210 260 1
J 1250 260 2
S 1 2
L 1215 260 10 0 3 0 1 0 LOGICL
N 1085
J 1250 340 2
J 1225 340 1
S 2 1
L 1235 340 10 0 3 0 1 0 CLK
N 1086
J 1370 360 2
J 1405 360 2
S 1 2
N 1077
J 1385 600 2
J 1355 600 2
S 2 1
N 1076
J 1235 600 2
J 1205 600 2
S 2 1
N 1074
J 1235 560 2
J 1210 560 1
S 2 1
L 1220 560 10 0 3 0 1 0 CLK
I 1075 virtex2:FD 1 1235 520 0 1 '
C 1074 1 3 0
C 1076 1 1 0
C 1077 2 4 0
N 1061
J 1535 785 1
J 1490 785 2
S 2 1
L 1495 785 10 0 3 0 1 0 FBFB49
N 1062
J 1190 685 1
J 1230 685 2
S 1 2
L 1195 685 10 0 3 0 1 0 LOGICL
N 1063
J 1230 705 2
J 1190 705 1
S 2 1
L 1195 705 10 0 3 0 1 0 LOGICH
N 1064
J 1190 725 1
J 1230 725 2
S 1 2
L 1195 725 10 0 3 0 1 0 LOGICH
N 1065
J 1230 745 2
J 1190 745 1
S 2 1
L 1195 745 10 0 3 0 1 0 LOGICH
N 1066
J 1230 765 2
J 1205 765 1
S 2 1
L 1215 765 10 0 3 0 1 0 CLK
N 1069
J 1370 745 2
J 1345 745 1
S 2 1
L 1355 745 10 0 3 0 1 0 CLK
N 1070
J 1370 785 2
J 1350 785 2
S 2 1
N 1058
J 1440 960 2
J 1405 960 2
S 2 1
N 1059
J 1415 920 1
J 1440 920 2
S 1 2
L 1425 920 10 0 3 0 1 0 CLK
I 1060 virtex2:FD 1 1440 880 0 1 '
C 1057 1 4 0
C 1058 1 1 0
C 1059 2 3 0
I 1049 virtex2:SRL16 1 1285 820 0 1 '
A 1285 810 10 0 3 1 INIT=0000
A 1285 825 10 0 3 0 @INIT=0000
C 1058 2 7 0
C 1050 2 1 0
C 1052 2 2 0
C 1053 1 3 0
C 1054 2 4 0
C 1055 1 5 0
C 1051 2 8 0
N 1051
J 1260 940 1
J 1285 940 2
S 1 2
L 1270 940 10 0 3 0 1 0 CLK
N 1052
J 1245 920 1
J 1285 920 2
S 1 2
L 1250 920 10 0 3 0 1 0 LOGICH
N 1053
J 1285 900 2
J 1245 900 1
S 2 1
L 1250 900 10 0 3 0 1 0 LOGICH
N 1054
J 1245 880 1
J 1285 880 2
S 1 2
L 1250 880 10 0 3 0 1 0 LOGICL
N 1055
J 1285 860 2
J 1245 860 1
S 2 1
L 1250 860 10 0 3 0 1 0 LOGICL
N 1043
J 1065 880 1
J 1105 880 2
S 1 2
L 1070 880 10 0 3 0 1 0 LOGICH
N 1044
J 1105 900 2
J 1065 900 1
S 2 1
L 1070 900 10 0 3 0 1 0 LOGICL
N 1045
J 1065 920 1
J 1105 920 2
S 1 2
L 1070 920 10 0 3 0 1 0 LOGICL
N 1046
J 1105 940 2
J 1065 940 1
S 2 1
L 1070 940 10 0 3 0 1 0 LOGICH
N 1047
J 1105 960 2
J 1080 960 1
S 2 1
L 1090 960 10 0 3 0 1 0 CLK
N 1037
J 1250 380 2
J 1215 380 2
S 2 1
N 1038
J 1070 360 1
J 1095 360 2
S 1 2
L 1080 360 10 0 3 0 1 0 CLK
N 1039
J 1095 280 2
J 1055 280 1
S 2 1
L 1060 280 10 0 3 0 1 0 LOGICH
N 1040
J 1055 300 1
J 1095 300 2
S 1 2
L 1060 300 10 0 3 0 1 0 LOGICH
N 1041
J 1095 320 2
J 1055 320 1
S 2 1
L 1060 320 10 0 3 0 1 0 LOGICH
N 1042
J 1055 340 1
J 1095 340 2
S 1 2
L 1060 340 10 0 3 0 1 0 LOGICH
N 1005
J 750 380 2
J 725 380 1
S 2 1
L 735 380 10 0 3 0 1 0 CLK
I 1006 virtex2:SRL16 1 750 260 0 1 '
A 750 265 10 0 3 0 @INIT=0000
A 750 250 10 0 3 1 INIT=0000
C 1005 1 8 0
C 1014 2 5 0
C 1015 1 4 0
C 1016 2 3 0
C 1017 1 2 0
C 1009 2 1 0
C 1004 1 7 0
N 1007
J 550 400 1
J 575 400 2
S 1 2
L 560 400 10 0 3 0 1 0 CLK
I 1008 virtex2:SRL16 1 575 280 0 1 '
A 575 270 10 0 3 1 INIT=0000
A 575 285 10 0 3 0 @INIT=0000
C 1009 1 7 0
C 1018 1 1 0
C 1010 2 2 0
C 1011 1 3 0
C 1012 2 4 0
C 1013 1 5 0
C 1007 2 8 0
N 1009
J 695 420 2
J 750 420 2
S 1 2
N 1010
J 535 380 1
J 575 380 2
S 1 2
L 540 380 10 0 3 0 1 0 LOGICH
N 1011
J 575 360 2
J 535 360 1
S 2 1
L 540 360 10 0 3 0 1 0 LOGICH
N 1012
J 535 340 1
J 575 340 2
S 1 2
L 540 340 10 0 3 0 1 0 LOGICH
N 1013
J 575 320 2
J 535 320 1
S 2 1
L 540 320 10 0 3 0 1 0 LOGICH
N 1014
J 710 300 1
J 750 300 2
S 1 2
L 715 300 10 0 3 0 1 0 LOGICH
N 1015
J 750 320 2
J 710 320 1
S 2 1
L 715 320 10 0 3 0 1 0 LOGICH
N 1016
J 710 340 1
J 750 340 2
S 1 2
L 715 340 10 0 3 0 1 0 LOGICL
N 1017
J 750 360 2
J 710 360 1
S 2 1
L 715 360 10 0 3 0 1 0 LOGICL
N 1018
J 575 440 2
J 525 440 2
S 2 1
I 1020 virtex2:XNOR2 1 290 410 0 1 '
C 1022 1 3 0
C 1023 2 2 0
C 1021 2 1 0
N 1021
J 405 440 2
J 370 440 2
S 2 1
L 375 440 10 0 3 0 1 0 FBHB0
N 1022
J 290 430 2
J 245 430 1
S 2 1
L 250 430 10 0 3 0 1 0 FBHB31
N 1023
J 245 450 1
J 290 450 2
S 1 2
L 250 450 10 0 3 0 1 0 FBHB55
N 1024
J 405 400 2
J 380 400 1
S 2 1
L 390 400 10 0 3 0 1 0 CLK
N 937
J 405 825 2
J 380 825 1
S 2 1
L 390 825 10 0 3 0 1 0 CLK
N 936
J 245 875 1
J 290 875 2
S 1 2
L 250 875 10 0 3 0 1 0 FBFB49
N 935
J 290 855 2
J 245 855 1
S 2 1
L 250 855 10 0 3 0 1 0 FBFB40
N 934
J 405 865 2
J 370 865 2
S 2 1
L 375 865 10 0 3 0 1 0 FBFB0
N 951
J 575 865 2
J 525 865 2
S 2 1
N 950
J 750 785 2
J 710 785 1
S 2 1
L 715 785 10 0 3 0 1 0 LOGICH
N 949
J 710 765 1
J 750 765 2
S 1 2
L 715 765 10 0 3 0 1 0 LOGICH
N 948
J 750 745 2
J 710 745 1
S 2 1
L 715 745 10 0 3 0 1 0 LOGICH
N 947
J 710 725 1
J 750 725 2
S 1 2
L 715 725 10 0 3 0 1 0 LOGICH
N 946
J 575 745 2
J 535 745 1
S 2 1
L 540 745 10 0 3 0 1 0 LOGICH
N 945
J 535 765 1
J 575 765 2
S 1 2
L 540 765 10 0 3 0 1 0 LOGICH
N 944
J 575 785 2
J 535 785 1
S 2 1
L 540 785 10 0 3 0 1 0 LOGICH
N 943
J 535 805 1
J 575 805 2
S 1 2
L 540 805 10 0 3 0 1 0 LOGICH
N 942
J 695 845 2
J 750 845 2
S 1 2
N 940
J 550 825 1
J 575 825 2
S 1 2
L 560 825 10 0 3 0 1 0 CLK
N 938
J 750 805 2
J 725 805 1
S 2 1
L 735 805 10 0 3 0 1 0 CLK
N 952
J 915 825 2
J 870 825 2
S 2 1
N 959
J 915 785 2
J 890 785 1
S 2 1
L 900 785 10 0 3 0 1 0 CLK
N 957
J 875 705 1
J 915 705 2
S 1 2
L 880 705 10 0 3 0 1 0 LOGICL
N 956
J 915 725 2
J 875 725 1
S 2 1
L 880 725 10 0 3 0 1 0 LOGICH
N 955
J 875 745 1
J 915 745 2
S 1 2
L 880 745 10 0 3 0 1 0 LOGICL
N 954
J 915 765 2
J 875 765 1
S 2 1
L 880 765 10 0 3 0 1 0 LOGICH
N 965
J 380 620 1
J 405 620 2
S 1 2
L 390 620 10 0 3 0 1 0 CLK
N 966
J 290 670 2
J 245 670 1
S 2 1
L 250 670 10 0 3 0 1 0 FBGB52
N 967
J 245 650 1
J 290 650 2
S 1 2
L 250 650 10 0 3 0 1 0 FBGB49
N 968
J 370 660 2
J 405 660 2
S 1 2
L 375 660 10 0 3 0 1 0 FBGB0
I 969 virtex2:XNOR2 1 290 630 0 1 '
C 968 1 1 0
C 966 1 2 0
C 967 2 3 0
I 970 virtex2:FD 1 405 580 0 1 '
C 965 2 3 0
C 968 2 1 0
C 971 1 4 0
N 971
J 525 660 2
J 575 660 2
S 1 2
N 972
J 715 580 1
J 755 580 2
S 1 2
L 720 580 10 0 3 0 1 0 LOGICH
N 973
J 755 560 2
J 715 560 1
S 2 1
L 720 560 10 0 3 0 1 0 LOGICH
N 974
J 715 540 1
J 755 540 2
S 1 2
L 720 540 10 0 3 0 1 0 LOGICH
N 975
J 755 520 2
J 715 520 1
S 2 1
L 720 520 10 0 3 0 1 0 LOGICH
N 976
J 535 540 1
J 575 540 2
S 1 2
L 540 540 10 0 3 0 1 0 LOGICH
N 977
J 575 560 2
J 535 560 1
S 2 1
L 540 560 10 0 3 0 1 0 LOGICH
N 978
J 535 580 1
J 575 580 2
S 1 2
L 540 580 10 0 3 0 1 0 LOGICH
N 979
J 575 600 2
J 535 600 1
S 2 1
L 540 600 10 0 3 0 1 0 LOGICH
I 981 virtex2:SRL16 1 575 500 0 1 '
A 575 505 10 0 3 0 @INIT=0000
A 575 490 10 0 3 1 INIT=0000
C 982 1 8 0
C 976 2 5 0
C 977 1 4 0
C 978 2 3 0
C 979 1 2 0
C 971 2 1 0
C 1026 1 7 0
N 982
J 575 620 2
J 550 620 1
S 2 1
L 560 620 10 0 3 0 1 0 CLK
N 984
J 730 600 1
J 755 600 2
S 1 2
L 740 600 10 0 3 0 1 0 CLK
N 986
J 905 580 1
J 930 580 2
S 1 2
L 915 580 10 0 3 0 1 0 CLK
N 987
J 930 500 2
J 890 500 1
S 2 1
L 895 500 10 0 3 0 1 0 LOGICH
N 988
J 890 520 1
J 930 520 2
S 1 2
L 895 520 10 0 3 0 1 0 LOGICH
N 989
J 930 540 2
J 890 540 1
S 2 1
L 895 540 10 0 3 0 1 0 LOGICH
N 990
J 890 560 1
J 930 560 2
S 1 2
L 895 560 10 0 3 0 1 0 LOGICH
N 991
J 1505 600 2
J 1565 600 1
S 1 2
L 1520 600 10 0 3 0 1 0 FBGB52
N 772
J 750 1000 2
J 725 1000 1
S 2 1
L 735 1000 10 0 3 0 1 0 CLK
N 652
J 925 1020 2
J 870 1020 2
S 2 1
N 801
J 750 980 2
J 710 980 1
S 2 1
L 715 980 10 0 3 0 1 0 LOGICH
N 802
J 710 960 1
J 750 960 2
S 1 2
L 715 960 10 0 3 0 1 0 LOGICH
N 803
J 750 940 2
J 710 940 1
S 2 1
L 715 940 10 0 3 0 1 0 LOGICH
N 804
J 710 920 1
J 750 920 2
S 1 2
L 715 920 10 0 3 0 1 0 LOGICH
N 769
J 635 1050 2
J 590 1050 1
S 2 1
L 595 1050 10 0 3 0 1 0 FBEB47
I 110 PAGE 1 0 0 0 1 '
N 770
J 590 1030 1
J 635 1030 2
S 1 2
L 595 1030 10 0 3 0 1 0 FBEB42
N 922
J 715 1040 2
J 750 1040 2
S 1 2
L 720 1040 10 0 3 0 1 0 FBEB0
I 642 virtex2:XNOR2 1 635 1010 0 1 '
C 922 1 1 0
C 769 1 2 0
C 770 2 3 0
N 994
J 1360 560 1
J 1385 560 2
S 1 2
L 1370 560 10 0 3 0 1 0 CLK
N 1026
J 695 640 2
J 755 640 2
S 1 2
N 777
J 900 980 1
J 925 980 2
S 1 2
L 910 980 10 0 3 0 1 0 CLK
N 805
J 885 960 1
J 925 960 2
S 1 2
L 890 960 10 0 3 0 1 0 LOGICH
N 806
J 925 940 2
J 885 940 1
S 2 1
L 890 940 10 0 3 0 1 0 LOGICH
N 807
J 885 920 1
J 925 920 2
S 1 2
L 890 920 10 0 3 0 1 0 LOGICH
N 808
J 925 900 2
J 885 900 1
S 2 1
L 890 900 10 0 3 0 1 0 LOGICH
I 919 virtex2:SRL16 1 750 880 0 1 '
A 750 885 10 0 3 0 @INIT=0000
A 750 870 10 0 3 1 INIT=0000
C 772 1 8 0
C 804 2 5 0
C 803 1 4 0
C 802 2 3 0
C 801 1 2 0
C 922 2 1 0
C 652 2 7 0
I 920 virtex2:SRL16 1 925 860 0 1 '
A 925 850 10 0 3 1 INIT=0000
A 925 865 10 0 3 0 @INIT=0000
C 685 2 7 0
C 652 1 1 0
C 805 2 2 0
C 806 1 3 0
C 807 2 4 0
C 808 1 5 0
C 777 2 8 0
N 685
J 1105 1000 2
J 1045 1000 2
S 2 1
I 1048 virtex2:SRL16 1 1105 840 0 1 '
A 1105 845 10 0 3 0 @INIT=0000
A 1105 830 10 0 3 1 INIT=0000
C 1047 1 8 0
C 1043 2 5 0
C 1044 1 4 0
C 1045 2 3 0
C 1046 1 2 0
C 685 1 1 0
C 1050 1 7 0
N 1050
J 1225 980 2
J 1285 980 2
S 1 2
L 1230 980 10 0 3 0 1 0 FBEB42
N 1057
J 1560 960 2
J 1605 960 1
S 1 2
L 1565 960 10 0 3 0 1 0 FBEB47
N 962
J 1070 805 2
J 1035 805 2
S 2 1
N 963
J 1230 805 2
J 1190 805 2
S 2 1
L 1200 805 10 0 3 0 1 0 FBFB40
I 983 virtex2:SRL16 1 755 480 0 1 '
A 755 470 10 0 3 1 INIT=0000
A 755 485 10 0 3 0 @INIT=0000
C 1035 2 7 0
C 1026 2 1 0
C 972 2 2 0
C 973 1 3 0
C 974 2 4 0
C 975 1 5 0
C 984 2 8 0
I 964 virtex2:SRL16 1 930 460 0 1 '
A 930 450 10 0 3 1 INIT=0000
A 930 465 10 0 3 0 @INIT=0000
C 1073 2 7 0
C 1035 1 1 0
C 990 2 2 0
C 989 1 3 0
C 988 2 4 0
C 987 1 5 0
C 986 2 8 0
N 1035
J 930 620 2
J 875 620 2
S 2 1
N 960
J 1070 765 2
J 1045 765 1
S 2 1
L 1055 765 10 0 3 0 1 0 CLK
N 1073
J 1085 600 2
J 1050 600 2
S 2 1
L 1050 600 10 0 3 0 1 0 FBGB49
I 993 virtex2:FD 1 1385 520 0 1 '
C 991 1 4 0
C 1077 1 1 0
C 994 2 3 0
I 933 virtex2:XNOR2 1 290 835 0 1 '
C 935 1 3 0
C 936 2 2 0
C 934 2 1 0
I 932 virtex2:FD 1 405 785 0 1 '
C 951 2 4 0
C 934 1 1 0
C 937 1 3 0
I 941 virtex2:SRL16 1 575 705 0 1 '
A 575 695 10 0 3 1 INIT=0000
A 575 710 10 0 3 0 @INIT=0000
C 942 1 7 0
C 951 1 1 0
C 943 2 2 0
C 944 1 3 0
C 945 2 4 0
C 946 1 5 0
C 940 2 8 0
I 953 virtex2:SRL16 1 915 665 0 1 '
A 915 670 10 0 3 0 @INIT=0000
A 915 655 10 0 3 1 INIT=0000
C 959 1 8 0
C 957 2 5 0
C 956 1 4 0
C 955 2 3 0
C 954 1 2 0
C 952 1 1 0
C 962 2 7 0
I 939 virtex2:SRL16 1 750 685 0 1 '
A 750 690 10 0 3 0 @INIT=0000
A 750 675 10 0 3 1 INIT=0000
C 938 1 8 0
C 947 2 5 0
C 948 1 4 0
C 949 2 3 0
C 950 1 2 0
C 942 2 1 0
C 952 2 7 0
I 961 virtex2:FD 1 1070 725 0 1 '
C 960 1 3 0
C 962 1 1 0
C 963 2 4 0
I 1067 virtex2:SRL16 1 1230 645 0 1 '
A 1230 650 10 0 3 0 @INIT=0000
A 1230 635 10 0 3 1 INIT=0000
C 1066 1 8 0
C 1062 2 5 0
C 1063 1 4 0
C 1064 2 3 0
C 1065 1 2 0
C 963 1 1 0
C 1070 2 7 0
I 1068 virtex2:FD 1 1370 705 0 1 '
C 1069 1 3 0
C 1070 1 1 0
C 1061 2 4 0
I 1019 virtex2:FD 1 405 360 0 1 '
C 1018 2 4 0
C 1021 1 1 0
C 1024 1 3 0
N 1004
J 870 400 2
J 930 400 2
S 1 2
I 1072 virtex2:FD 1 1085 520 0 1 '
C 1076 2 4 0
C 1073 1 1 0
C 1071 2 3 0
N 1071
J 1060 560 1
J 1085 560 2
S 1 2
L 1070 560 10 0 3 0 1 0 CLK
I 1036 virtex2:SRL16 1 1095 240 0 1 '
A 1095 230 10 0 3 1 INIT=0000
A 1095 245 10 0 3 0 @INIT=0000
C 1037 2 7 0
C 997 1 1 0
C 1042 2 2 0
C 1041 1 3 0
C 1040 2 4 0
C 1039 1 5 0
C 1038 2 8 0
I 1079 virtex2:FD 1 930 320 0 1 '
C 1078 1 3 0
C 1004 2 1 0
C 997 2 4 0
N 997
J 1095 400 2
J 1050 400 2
S 2 1
L 1060 400 10 0 3 0 1 0 FBHB31
N 1078
J 930 360 2
J 905 360 1
S 2 1
L 915 360 10 0 3 0 1 0 CLK
T 750 0 20 0 3 CMS CSC Electronics
Q 11 0 0
T 1145 30 25 0 3 GU
Q 11 0 0
T 750 20 20 0 3 DAQ Motherboard Controller
Q 11 0 0
T 1255 30 25 0 3 50A
Q 11 0 0
T 750 40 20 0 3 More Random L1ACC
Q 11 0 0
T 455 990 20 0 3 LFSR 47
T 110 610 20 0 3 LFSR 52
T 110 815 20 0 3 LFSR 49
T 110 390 20 0 3 LFSR 55
T 1630 0 25 0 3 60K
Q 11 0 0
U 1210 10 14 0 3 3 @DATETIME=3-5-2003_16:03
U 1540 0 20 0 9 3 @NAME=RANDOMTRG
U 1550 0 20 0 3 3 @SHEET=12
T 1495 35 25 0 3 DMB6CNTL
Q 11 0 0
E
