V 51
K 398360777000 trigcon
Y 0
D 0 0 1700 1100
Z 1
i 1089
N 1088
J 1375 355 2
J 1350 355 1
S 2 1
L 1360 355 10 0 3 0 1 0 CLK
N 1089
J 1495 395 2
J 1530 395 1
S 1 2
L 1500 395 10 0 3 0 1 0 FBKB45
N 1086
J 225 485 1
J 270 485 2
S 1 2
L 230 485 10 0 3 0 1 0 FBKB45
N 1085
J 270 465 2
J 225 465 1
S 2 1
L 230 465 10 0 3 0 1 0 FBKB44
N 1084
J 225 445 1
J 270 445 2
S 1 2
L 230 445 10 0 3 0 1 0 FBKB42
N 1081
J 290 690 2
J 245 690 1
S 2 1
L 250 690 10 0 3 0 1 0 FBJB44
N 1080
J 245 670 1
J 290 670 2
S 1 2
L 250 670 10 0 3 0 1 0 FBJB43
N 1079
J 290 650 2
J 245 650 1
S 2 1
L 250 650 10 0 3 0 1 0 FBJB18
N 1074
J 735 790 1
J 760 790 2
S 1 2
L 745 790 10 0 3 0 1 0 CLK
N 1073
J 760 830 2
J 715 830 2
S 2 1
L 725 830 10 0 3 0 1 0 FBIB5
N 1069
J 265 880 1
J 310 880 2
S 1 2
L 270 880 10 0 3 0 1 0 FBIB38
N 1070
J 310 860 2
J 265 860 1
S 2 1
L 270 860 10 0 3 0 1 0 FBIB6
N 1071
J 265 840 1
J 310 840 2
S 1 2
L 270 840 10 0 3 0 1 0 FBIB5
I 1061 virtex2:SRL16 1 1275 840 0 1 '
A 1275 845 10 0 3 0 @INIT=0000
A 1275 830 10 0 3 1 INIT=0000
C 1067 1 8 0
C 1066 2 5 0
C 1065 1 4 0
C 1064 2 3 0
C 1063 1 2 0
C 685 1 1 0
C 930 2 7 0
N 1063
J 1275 940 2
J 1235 940 1
S 2 1
L 1240 940 10 0 3 0 1 0 LOGICH
N 1064
J 1235 920 1
J 1275 920 2
S 1 2
L 1240 920 10 0 3 0 1 0 LOGICL
N 1065
J 1275 900 2
J 1235 900 1
S 2 1
L 1240 900 10 0 3 0 1 0 LOGICH
N 1066
J 1235 880 1
J 1275 880 2
S 1 2
L 1240 880 10 0 3 0 1 0 LOGICL
N 1067
J 1275 960 2
J 1250 960 1
S 2 1
L 1260 960 10 0 3 0 1 0 CLK
N 1057
J 755 1000 2
J 730 1000 1
S 2 1
L 740 1000 10 0 3 0 1 0 CLK
I 1059 virtex2:FD 1 755 960 0 1 '
C 1060 1 4 0
C 1058 1 1 0
C 1057 1 3 0
N 1055
J 440 1010 1
J 485 1010 2
S 1 2
L 445 1010 10 0 3 0 1 0 FBYB1
N 1054
J 485 1030 2
J 440 1030 1
S 2 1
L 445 1030 10 0 3 0 1 0 FBYB2
N 1053
J 440 1050 1
J 485 1050 2
S 1 2
L 445 1050 10 0 3 0 1 0 FBYB27
N 1049
J 1220 395 2
J 1195 395 2
S 2 1
N 1044
J 1075 355 2
J 1050 355 1
S 2 1
L 1060 355 10 0 3 0 1 0 CLK
N 999
J 755 355 2
J 715 355 1
S 2 1
L 720 355 10 0 3 0 1 0 LOGICL
N 1000
J 715 335 1
J 755 335 2
S 1 2
L 720 335 10 0 3 0 1 0 LOGICL
N 1001
J 755 315 2
J 715 315 1
S 2 1
L 720 315 10 0 3 0 1 0 LOGICL
N 1002
J 715 295 1
J 755 295 2
S 1 2
L 720 295 10 0 3 0 1 0 LOGICH
N 1003
J 755 375 2
J 730 375 1
S 2 1
L 740 375 10 0 3 0 1 0 CLK
N 1004
J 695 415 2
J 755 415 2
S 1 2
N 1005
J 575 395 2
J 550 395 1
S 2 1
L 560 395 10 0 3 0 1 0 CLK
N 1007
J 375 415 1
J 400 415 2
S 1 2
L 385 415 10 0 3 0 1 0 CLK
N 1009
J 520 435 2
J 575 435 2
S 1 2
N 1010
J 360 395 1
J 400 395 2
S 1 2
L 365 395 10 0 3 0 1 0 LOGICH
N 1011
J 400 375 2
J 360 375 1
S 2 1
L 365 375 10 0 3 0 1 0 LOGICH
N 1012
J 360 355 1
J 400 355 2
S 1 2
L 365 355 10 0 3 0 1 0 LOGICH
N 1013
J 400 335 2
J 360 335 1
S 2 1
L 365 335 10 0 3 0 1 0 LOGICH
N 1014
J 535 315 1
J 575 315 2
S 1 2
L 540 315 10 0 3 0 1 0 LOGICH
N 1015
J 575 335 2
J 535 335 1
S 2 1
L 540 335 10 0 3 0 1 0 LOGICH
N 1016
J 535 355 1
J 575 355 2
S 1 2
L 540 355 10 0 3 0 1 0 LOGICH
N 1017
J 575 375 2
J 535 375 1
S 2 1
L 540 375 10 0 3 0 1 0 LOGICH
N 1018
J 350 455 2
J 400 455 2
S 1 2
L 355 455 10 0 3 0 1 0 FBKB0
N 934
J 425 850 2
J 390 850 2
S 2 1
L 395 850 10 0 3 0 1 0 FBIB0
N 950
J 925 770 2
J 885 770 1
S 2 1
L 890 770 10 0 3 0 1 0 LOGICH
N 949
J 885 750 1
J 925 750 2
S 1 2
L 890 750 10 0 3 0 1 0 LOGICH
N 948
J 925 730 2
J 885 730 1
S 2 1
L 890 730 10 0 3 0 1 0 LOGICH
N 947
J 885 710 1
J 925 710 2
S 1 2
L 890 710 10 0 3 0 1 0 LOGICH
N 946
J 595 730 2
J 555 730 1
S 2 1
L 560 730 10 0 3 0 1 0 LOGICL
N 945
J 555 750 1
J 595 750 2
S 1 2
L 560 750 10 0 3 0 1 0 LOGICL
N 944
J 595 770 2
J 555 770 1
S 2 1
L 560 770 10 0 3 0 1 0 LOGICH
N 943
J 555 790 1
J 595 790 2
S 1 2
L 560 790 10 0 3 0 1 0 LOGICH
N 940
J 570 810 1
J 595 810 2
S 1 2
L 580 810 10 0 3 0 1 0 CLK
N 938
J 925 790 2
J 900 790 1
S 2 1
L 910 790 10 0 3 0 1 0 CLK
N 952
J 1045 810 2
J 1105 810 2
S 1 2
N 959
J 1105 770 2
J 1080 770 1
S 2 1
L 1090 770 10 0 3 0 1 0 CLK
N 957
J 1065 690 1
J 1105 690 2
S 1 2
L 1070 690 10 0 3 0 1 0 LOGICH
N 956
J 1105 710 2
J 1065 710 1
S 2 1
L 1070 710 10 0 3 0 1 0 LOGICH
N 955
J 1065 730 1
J 1105 730 2
S 1 2
L 1070 730 10 0 3 0 1 0 LOGICH
N 962
J 1225 790 2
J 1260 790 2
S 1 2
N 960
J 1260 750 2
J 1235 750 1
S 2 1
L 1245 750 10 0 3 0 1 0 CLK
N 965
J 380 620 1
J 405 620 2
S 1 2
L 390 620 10 0 3 0 1 0 CLK
N 968
J 370 660 2
J 405 660 2
S 1 2
L 375 660 10 0 3 0 1 0 FBJB0
I 970 virtex2:FD 1 405 580 0 1 '
C 965 2 3 0
C 968 2 1 0
C 971 1 4 0
N 971
J 525 660 2
J 575 660 2
S 1 2
N 972
J 880 580 1
J 920 580 2
S 1 2
L 885 580 10 0 3 0 1 0 LOGICH
N 973
J 920 560 2
J 880 560 1
S 2 1
L 885 560 10 0 3 0 1 0 LOGICH
N 974
J 880 540 1
J 920 540 2
S 1 2
L 885 540 10 0 3 0 1 0 LOGICH
N 975
J 920 520 2
J 880 520 1
S 2 1
L 885 520 10 0 3 0 1 0 LOGICH
N 976
J 535 540 1
J 575 540 2
S 1 2
L 540 540 10 0 3 0 1 0 LOGICH
N 977
J 575 560 2
J 535 560 1
S 2 1
L 540 560 10 0 3 0 1 0 LOGICH
N 978
J 535 580 1
J 575 580 2
S 1 2
L 540 580 10 0 3 0 1 0 LOGICH
N 979
J 575 600 2
J 535 600 1
S 2 1
L 540 600 10 0 3 0 1 0 LOGICH
I 981 virtex2:SRL16 1 575 500 0 1 '
A 575 505 10 0 3 0 @INIT=0000
A 575 490 10 0 3 1 INIT=0000
C 982 1 8 0
C 976 2 5 0
C 977 1 4 0
C 978 2 3 0
C 979 1 2 0
C 971 2 1 0
C 1026 1 7 0
N 982
J 575 620 2
J 550 620 1
S 2 1
L 560 620 10 0 3 0 1 0 CLK
N 984
J 895 600 1
J 920 600 2
S 1 2
L 905 600 10 0 3 0 1 0 CLK
N 986
J 1070 580 1
J 1095 580 2
S 1 2
L 1080 580 10 0 3 0 1 0 CLK
N 987
J 1095 500 2
J 1055 500 1
S 2 1
L 1060 500 10 0 3 0 1 0 LOGICH
N 988
J 1055 520 1
J 1095 520 2
S 1 2
L 1060 520 10 0 3 0 1 0 LOGICL
N 989
J 1095 540 2
J 1055 540 1
S 2 1
L 1060 540 10 0 3 0 1 0 LOGICL
N 990
J 1055 560 1
J 1095 560 2
S 1 2
L 1060 560 10 0 3 0 1 0 LOGICL
I 961 virtex2:FD 1 1260 710 0 1 '
C 960 1 3 0
C 962 2 1 0
C 963 2 4 0
I 939 virtex2:SRL16 1 925 670 0 1 '
A 925 675 10 0 3 0 @INIT=0000
A 925 660 10 0 3 1 INIT=0000
C 938 1 8 0
C 947 2 5 0
C 948 1 4 0
C 949 2 3 0
C 950 1 2 0
C 1075 2 1 0
C 952 1 7 0
N 777
J 1070 980 1
J 1095 980 2
S 1 2
L 1080 980 10 0 3 0 1 0 CLK
N 772
J 920 1000 2
J 895 1000 1
S 2 1
L 905 1000 10 0 3 0 1 0 CLK
N 652
J 1095 1020 2
J 1040 1020 2
S 2 1
N 801
J 920 980 2
J 880 980 1
S 2 1
L 885 980 10 0 3 0 1 0 LOGICH
N 802
J 880 960 1
J 920 960 2
S 1 2
L 885 960 10 0 3 0 1 0 LOGICH
N 803
J 920 940 2
J 880 940 1
S 2 1
L 885 940 10 0 3 0 1 0 LOGICH
N 804
J 880 920 1
J 920 920 2
S 1 2
L 885 920 10 0 3 0 1 0 LOGICH
N 808
J 1095 900 2
J 1055 900 1
S 2 1
L 1060 900 10 0 3 0 1 0 LOGICH
N 807
J 1055 920 1
J 1095 920 2
S 1 2
L 1060 920 10 0 3 0 1 0 LOGICL
N 806
J 1095 940 2
J 1055 940 1
S 2 1
L 1060 940 10 0 3 0 1 0 LOGICL
N 805
J 1055 960 1
J 1095 960 2
S 1 2
L 1060 960 10 0 3 0 1 0 LOGICL
N 931
J 1550 980 2
J 1610 980 1
S 1 2
L 1565 980 10 0 3 0 1 0 FBYB34
N 929
J 1405 940 1
J 1430 940 2
S 1 2
L 1415 940 10 0 3 0 1 0 CLK
I 110 PAGE 1 0 0 0 1 '
I 919 virtex2:SRL16 1 920 880 0 1 '
A 920 885 10 0 3 0 @INIT=0000
A 920 870 10 0 3 1 INIT=0000
C 772 1 8 0
C 804 2 5 0
C 803 1 4 0
C 802 2 3 0
C 801 1 2 0
C 1060 2 1 0
C 652 2 7 0
N 685
J 1275 1000 2
J 1215 1000 2
S 2 1
L 1230 1000 10 0 3 0 1 0 FBYB27
I 953 virtex2:SRL16 1 1105 650 0 1 '
A 1105 655 10 0 3 0 @INIT=0000
A 1105 640 10 0 3 1 INIT=0000
C 959 1 8 0
C 957 2 5 0
C 956 1 4 0
C 955 2 3 0
C 954 1 2 0
C 952 2 1 0
C 962 1 7 0
N 994
J 1255 560 1
J 1280 560 2
S 1 2
L 1265 560 10 0 3 0 1 0 CLK
N 1027
J 755 600 2
J 730 600 1
S 2 1
L 740 600 10 0 3 0 1 0 CLK
I 983 virtex2:SRL16 1 920 480 0 1 '
A 920 470 10 0 3 1 INIT=0000
A 920 485 10 0 3 0 @INIT=0000
C 1031 2 7 0
C 1030 1 1 0
C 972 2 2 0
C 973 1 3 0
C 974 2 4 0
C 975 1 5 0
C 984 2 8 0
I 1028 virtex2:FD 1 755 560 0 1 '
C 1027 1 3 0
C 1026 2 1 0
C 1030 2 4 0
N 1026
J 695 640 2
J 755 640 2
S 1 2
L 710 640 10 0 3 0 1 0 FBJB17
N 1038
J 895 355 1
J 920 355 2
S 1 2
L 905 355 10 0 3 0 1 0 CLK
N 769
J 485 1070 2
J 440 1070 1
S 2 1
L 445 1070 10 0 3 0 1 0 FBYB34
I 1051 virtex2:XNOR4 1 485 990 0 1 '
C 1055 2 5 0
C 1054 1 7 0
C 1053 2 6 0
C 769 1 1 0
C 922 1 8 0
I 923 virtex2:FD 1 600 960 0 1 '
C 925 2 3 0
C 922 2 1 0
C 1058 2 4 0
N 922
J 565 1040 2
J 600 1040 2
S 1 2
L 570 1040 10 0 3 0 1 0 FBYB0
N 925
J 575 1000 1
J 600 1000 2
S 1 2
L 585 1000 10 0 3 0 1 0 CLK
N 1058
J 755 1040 2
J 720 1040 2
S 2 1
L 725 1040 10 0 3 0 1 0 FBYB1
N 1060
J 875 1040 2
J 920 1040 2
S 1 2
L 890 1040 10 0 3 0 1 0 FBYB2
I 920 virtex2:SRL16 1 1095 860 0 1 '
A 1095 850 10 0 3 1 INIT=0000
A 1095 865 10 0 3 0 @INIT=0000
C 685 2 7 0
C 652 1 1 0
C 805 2 2 0
C 806 1 3 0
C 807 2 4 0
C 808 1 5 0
C 777 2 8 0
I 928 virtex2:FD 1 1430 900 0 1 '
C 931 1 4 0
C 930 1 1 0
C 929 2 3 0
N 930
J 1430 980 2
J 1395 980 2
S 2 1
N 951
J 595 850 2
J 545 850 2
S 2 1
L 550 850 10 0 3 0 1 0 FBIB1
N 937
J 425 810 2
J 400 810 1
S 2 1
L 410 810 10 0 3 0 1 0 CLK
I 1076 virtex2:FD 1 760 750 0 1 '
C 1074 2 3 0
C 1073 1 1 0
C 1075 1 4 0
I 941 virtex2:SRL16 1 595 690 0 1 '
A 595 680 10 0 3 1 INIT=0000
A 595 695 10 0 3 0 @INIT=0000
C 1073 2 7 0
C 951 1 1 0
C 943 2 2 0
C 944 1 3 0
C 945 2 4 0
C 946 1 5 0
C 940 2 8 0
I 932 virtex2:FD 1 425 770 0 1 '
C 951 2 4 0
C 934 1 1 0
C 937 1 3 0
N 1075
J 880 830 2
J 925 830 2
S 1 2
L 880 830 10 0 3 0 1 0 FBIB6
N 963
J 1440 790 1
J 1380 790 2
S 2 1
L 1395 790 10 0 3 0 1 0 FBIB38
I 1068 virtex2:XNOR4 1 310 800 0 1 '
C 934 2 8 0
C 1069 2 1 0
C 1070 1 6 0
C 1071 2 7 0
C 1072 1 5 0
N 1072
J 310 820 2
J 265 820 1
S 2 1
L 270 820 10 0 3 0 1 0 FBIB1
N 1030
J 920 640 2
J 875 640 2
S 2 1
L 880 640 10 0 3 0 1 0 FBJB18
I 964 virtex2:SRL16 1 1095 460 0 1 '
A 1095 450 10 0 3 1 INIT=0000
A 1095 465 10 0 3 0 @INIT=0000
C 992 2 7 0
C 1031 1 1 0
C 990 2 2 0
C 989 1 3 0
C 988 2 4 0
C 987 1 5 0
C 986 2 8 0
N 1031
J 1095 620 2
J 1040 620 2
S 2 1
I 993 virtex2:FD 1 1280 520 0 1 '
C 991 1 4 0
C 992 1 1 0
C 994 2 3 0
N 992
J 1280 600 2
J 1215 600 2
S 2 1
L 1220 600 10 0 3 0 1 0 FBJB43
N 991
J 1400 600 2
J 1460 600 1
S 1 2
L 1415 600 10 0 3 0 1 0 FBJB44
I 1078 virtex2:XNOR4 1 290 610 0 1 '
C 1077 2 5 0
C 1079 1 7 0
C 1080 2 6 0
C 1081 1 1 0
C 968 1 8 0
N 1077
J 245 630 1
J 290 630 2
S 1 2
L 250 630 10 0 3 0 1 0 FBJB17
N 1082
J 270 425 2
J 225 425 1
S 2 1
L 230 425 10 0 3 0 1 0 FBKB41
N 997
J 920 395 2
J 875 395 2
S 2 1
L 885 395 10 0 3 0 1 0 FBKB41
N 1046
J 1075 395 2
J 1040 395 2
S 2 1
L 1045 395 10 0 3 0 1 0 FBKB42
N 1037
J 1375 395 2
J 1340 395 2
S 2 1
L 1345 395 10 0 3 0 1 0 FBKB44
N 1047
J 1195 355 1
J 1220 355 2
S 1 2
L 1205 355 10 0 3 0 1 0 CLK
I 1083 virtex2:XNOR4 1 270 405 0 1 '
C 1018 1 8 0
C 1086 2 1 0
C 1085 1 6 0
C 1084 2 7 0
C 1082 1 5 0
I 1008 virtex2:SRL16 1 400 295 0 1 '
A 400 285 10 0 3 1 INIT=0000
A 400 300 10 0 3 0 @INIT=0000
C 1009 1 7 0
C 1018 2 1 0
C 1010 2 2 0
C 1011 1 3 0
C 1012 2 4 0
C 1013 1 5 0
C 1007 2 8 0
I 1006 virtex2:SRL16 1 575 275 0 1 '
A 575 280 10 0 3 0 @INIT=0000
A 575 265 10 0 3 1 INIT=0000
C 1005 1 8 0
C 1014 2 5 0
C 1015 1 4 0
C 1016 2 3 0
C 1017 1 2 0
C 1009 2 1 0
C 1004 1 7 0
I 1025 virtex2:SRL16 1 755 255 0 1 '
A 755 260 10 0 3 0 @INIT=0000
A 755 245 10 0 3 1 INIT=0000
C 1003 1 8 0
C 1002 2 5 0
C 1001 1 4 0
C 1000 2 3 0
C 999 1 2 0
C 1004 2 1 0
C 997 2 7 0
I 1043 virtex2:FD 1 920 315 0 1 '
C 1038 2 3 0
C 997 1 1 0
C 1046 2 4 0
I 1045 virtex2:FD 1 1075 315 0 1 '
C 1049 2 4 0
C 1046 1 1 0
C 1044 1 3 0
I 1048 virtex2:FD 1 1220 315 0 1 '
C 1047 2 3 0
C 1049 1 1 0
C 1037 2 4 0
I 1087 virtex2:FD 1 1375 315 0 1 '
C 1089 1 4 0
C 1037 1 1 0
C 1088 1 3 0
N 954
J 1105 750 2
J 1065 750 1
S 2 1
L 1070 750 10 0 3 0 1 0 LOGICL
T 750 0 20 0 3 CMS CSC Electronics
Q 11 0 0
T 1145 30 25 0 3 GU
Q 11 0 0
T 750 20 20 0 3 DAQ Motherboard Controller
Q 11 0 0
T 1255 30 25 0 3 50A
Q 11 0 0
T 750 40 20 0 3 More Random L1ACC
Q 11 0 0
T 1630 0 25 0 3 60I
Q 11 0 0
T 340 995 20 0 3 LFSR 34
T 190 840 20 0 3 LFSR 38
T 110 610 20 0 3 LFSR 44
T 110 390 20 0 3 LFSR 45
U 1550 0 20 0 3 3 @SHEET=10
U 1540 0 20 0 9 3 @NAME=RANDOMTRG
U 1210 10 14 0 3 3 @DATETIME=3-5-2003_16:03
T 1495 35 25 0 3 DMB6CNTL
Q 11 0 0
E
