V 51
K 398360777000 trigcon
Y 0
D 0 0 1700 1100
Z 1
i 1171
N 1158
J 1040 335 1
J 1080 335 2
S 1 2
L 1045 335 10 0 3 0 1 0 LOGICH
N 1159
J 1080 315 2
J 1040 315 1
S 2 1
L 1045 315 10 0 3 0 1 0 LOGICH
N 1160
J 1040 295 1
J 1080 295 2
S 1 2
L 1045 295 10 0 3 0 1 0 LOGICH
N 1161
J 1080 275 2
J 1040 275 1
S 2 1
L 1045 275 10 0 3 0 1 0 LOGICH
I 1162 virtex2:SRL16 1 1080 235 0 1 '
A 1080 225 10 0 3 1 INIT=0000
A 1080 240 10 0 3 0 @INIT=0000
C 1166 2 7 0
C 997 1 1 0
C 1158 2 2 0
C 1159 1 3 0
C 1160 2 4 0
C 1161 1 5 0
C 1165 2 8 0
I 1163 virtex2:SRL16 1 1260 215 0 1 '
A 1260 205 10 0 3 1 INIT=0000
A 1260 220 10 0 3 0 @INIT=0000
C 1037 2 7 0
C 1166 1 1 0
C 1171 2 2 0
C 1170 1 3 0
C 1169 2 4 0
C 1168 1 5 0
C 1167 2 8 0
N 1165
J 1055 355 1
J 1080 355 2
S 1 2
L 1065 355 10 0 3 0 1 0 CLK
N 1166
J 1260 375 2
J 1200 375 2
S 2 1
N 1167
J 1235 335 1
J 1260 335 2
S 1 2
L 1245 335 10 0 3 0 1 0 CLK
N 1168
J 1260 255 2
J 1220 255 1
S 2 1
L 1225 255 10 0 3 0 1 0 LOGICL
N 1169
J 1220 275 1
J 1260 275 2
S 1 2
L 1225 275 10 0 3 0 1 0 LOGICH
N 1170
J 1260 295 2
J 1220 295 1
S 2 1
L 1225 295 10 0 3 0 1 0 LOGICH
N 1171
J 1220 315 1
J 1260 315 2
S 1 2
L 1225 315 10 0 3 0 1 0 LOGICL
N 1154
J 545 395 1
J 570 395 2
S 1 2
L 555 395 10 0 3 0 1 0 CLK
I 1155 virtex2:FD 1 570 355 0 1 '
C 1154 2 3 0
C 1156 1 1 0
C 1157 1 4 0
N 1153
J 270 425 2
J 225 425 1
S 2 1
L 230 425 10 0 3 0 1 0 FBOB5
N 1152
J 225 445 1
J 270 445 2
S 1 2
L 230 445 10 0 3 0 1 0 FBOB6
N 1151
J 270 465 2
J 225 465 1
S 2 1
L 230 465 10 0 3 0 1 0 FBOB61
N 1141
J 1645 580 1
J 1585 580 2
S 2 1
L 1600 580 10 0 3 0 1 0 FBNB61
N 1142
J 1400 580 2
J 1465 580 2
S 1 2
L 1405 580 10 0 3 0 1 0 FBNB60
N 1143
J 1465 540 2
J 1440 540 1
S 2 1
L 1450 540 10 0 3 0 1 0 CLK
N 1144
J 1280 540 2
J 1240 540 1
S 2 1
L 1245 540 10 0 3 0 1 0 LOGICH
N 1146
J 1280 500 2
J 1240 500 1
S 2 1
L 1245 500 10 0 3 0 1 0 LOGICH
N 1147
J 1240 480 1
J 1280 480 2
S 1 2
L 1245 480 10 0 3 0 1 0 LOGICH
N 1148
J 1280 560 2
J 1255 560 1
S 2 1
L 1265 560 10 0 3 0 1 0 CLK
I 1149 virtex2:FD 1 1465 500 0 1 '
C 1143 1 3 0
C 1142 2 1 0
C 1141 2 4 0
I 1150 virtex2:SRL16 1 1280 440 0 1 '
A 1280 445 10 0 3 0 @INIT=0000
A 1280 430 10 0 3 1 INIT=0000
C 1148 1 8 0
C 1147 2 5 0
C 1146 1 4 0
C 1145 2 3 0
C 1144 1 2 0
C 991 2 1 0
C 1142 1 7 0
N 1140
J 245 630 1
J 290 630 2
S 1 2
L 250 630 10 0 3 0 1 0 FBNB45
N 1139
J 290 650 2
J 245 650 1
S 2 1
L 250 650 10 0 3 0 1 0 FBNB46
N 1138
J 245 670 1
J 290 670 2
S 1 2
L 250 670 10 0 3 0 1 0 FBNB60
N 1136
J 1215 790 2
J 1170 790 2
S 2 1
N 1130
J 1215 670 2
J 1175 670 1
S 2 1
L 1180 670 10 0 3 0 1 0 LOGICL
N 1131
J 1175 690 1
J 1215 690 2
S 1 2
L 1180 690 10 0 3 0 1 0 LOGICL
N 1132
J 1215 710 2
J 1175 710 1
S 2 1
L 1180 710 10 0 3 0 1 0 LOGICH
N 1133
J 1175 730 1
J 1215 730 2
S 1 2
L 1180 730 10 0 3 0 1 0 LOGICH
N 1134
J 1190 750 1
J 1215 750 2
S 1 2
L 1200 750 10 0 3 0 1 0 CLK
I 1135 virtex2:SRL16 1 1215 630 0 1 '
A 1215 620 10 0 3 1 INIT=0000
A 1215 635 10 0 3 0 @INIT=0000
C 1137 2 7 0
C 1136 1 1 0
C 1133 2 2 0
C 1132 1 3 0
C 1131 2 4 0
C 1130 1 5 0
C 1134 2 8 0
N 1127
J 1050 810 2
J 1015 810 2
S 2 1
L 1015 810 10 0 3 0 1 0 FBMB35
N 1126
J 870 770 1
J 895 770 2
S 1 2
L 880 770 10 0 3 0 1 0 CLK
N 1123
J 730 830 2
J 685 830 2
S 2 1
N 1122
J 565 830 2
J 525 830 2
S 2 1
N 1115
J 120 820 2
J 75 820 1
S 2 1
L 80 820 10 0 3 0 1 0 FBMB34
N 1114
J 75 840 1
J 120 840 2
S 1 2
L 80 840 10 0 3 0 1 0 FBMB35
N 1113
J 120 860 2
J 75 860 1
S 2 1
L 80 860 10 0 3 0 1 0 FBMB55
I 1106 virtex2:SRL16 1 1260 830 0 1 '
A 1260 820 10 0 3 1 INIT=0000
A 1260 835 10 0 3 0 @INIT=0000
C 1102 2 7 0
C 930 1 1 0
C 1112 2 2 0
C 1111 1 3 0
C 1107 2 4 0
C 1108 1 5 0
C 1110 2 8 0
N 1107
J 1220 890 1
J 1260 890 2
S 1 2
L 1225 890 10 0 3 0 1 0 LOGICL
N 1108
J 1260 870 2
J 1220 870 1
S 2 1
L 1225 870 10 0 3 0 1 0 LOGICL
N 1110
J 1235 950 1
J 1260 950 2
S 1 2
L 1245 950 10 0 3 0 1 0 CLK
N 1111
J 1260 910 2
J 1220 910 1
S 2 1
L 1225 910 10 0 3 0 1 0 LOGICH
N 1112
J 1220 930 1
J 1260 930 2
S 1 2
L 1225 930 10 0 3 0 1 0 LOGICL
N 1103
J 1420 930 2
J 1395 930 1
S 2 1
L 1405 930 10 0 3 0 1 0 CLK
N 1105
J 1575 970 1
J 1540 970 2
S 2 1
L 1545 970 10 0 3 0 1 0 FBLB54
N 1096
J 750 1030 2
J 700 1030 2
S 2 1
L 715 1030 10 0 3 0 1 0 FBLB17
N 1094
J 750 990 2
J 725 990 1
S 2 1
L 735 990 10 0 3 0 1 0 CLK
N 1092
J 265 1020 1
J 310 1020 2
S 1 2
L 270 1020 10 0 3 0 1 0 FBLB17
N 1091
J 310 1040 2
J 265 1040 1
S 2 1
L 270 1040 10 0 3 0 1 0 FBLB18
N 1090
J 265 1060 1
J 310 1060 2
S 1 2
L 270 1060 10 0 3 0 1 0 FBLB53
N 1088
J 1415 315 2
J 1390 315 1
S 2 1
L 1400 315 10 0 3 0 1 0 CLK
N 1089
J 1535 355 2
J 1570 355 1
S 1 2
L 1540 355 10 0 3 0 1 0 FBOB62
N 1074
J 540 790 1
J 565 790 2
S 1 2
L 550 790 10 0 3 0 1 0 CLK
N 1063
J 1100 950 2
J 1060 950 1
S 2 1
L 1065 950 10 0 3 0 1 0 LOGICH
N 1064
J 1060 930 1
J 1100 930 2
S 1 2
L 1065 930 10 0 3 0 1 0 LOGICH
N 1067
J 1100 970 2
J 1075 970 1
S 2 1
L 1085 970 10 0 3 0 1 0 CLK
N 999
J 915 355 2
J 875 355 1
S 2 1
L 880 355 10 0 3 0 1 0 LOGICH
N 1000
J 875 335 1
J 915 335 2
S 1 2
L 880 335 10 0 3 0 1 0 LOGICH
N 1001
J 915 315 2
J 875 315 1
S 2 1
L 880 315 10 0 3 0 1 0 LOGICH
N 1002
J 875 295 1
J 915 295 2
S 1 2
L 880 295 10 0 3 0 1 0 LOGICH
N 1003
J 915 375 2
J 890 375 1
S 2 1
L 900 375 10 0 3 0 1 0 CLK
N 1004
J 855 415 2
J 915 415 2
S 1 2
N 1005
J 735 395 2
J 710 395 1
S 2 1
L 720 395 10 0 3 0 1 0 CLK
N 1007
J 375 415 1
J 400 415 2
S 1 2
L 385 415 10 0 3 0 1 0 CLK
N 1010
J 360 395 1
J 400 395 2
S 1 2
L 365 395 10 0 3 0 1 0 LOGICL
N 1011
J 400 375 2
J 360 375 1
S 2 1
L 365 375 10 0 3 0 1 0 LOGICL
N 1012
J 360 355 1
J 400 355 2
S 1 2
L 365 355 10 0 3 0 1 0 LOGICH
N 1013
J 400 335 2
J 360 335 1
S 2 1
L 365 335 10 0 3 0 1 0 LOGICL
N 1014
J 695 315 1
J 735 315 2
S 1 2
L 700 315 10 0 3 0 1 0 LOGICH
N 1015
J 735 335 2
J 695 335 1
S 2 1
L 700 335 10 0 3 0 1 0 LOGICH
N 1016
J 695 355 1
J 735 355 2
S 1 2
L 700 355 10 0 3 0 1 0 LOGICH
N 1017
J 735 375 2
J 695 375 1
S 2 1
L 700 375 10 0 3 0 1 0 LOGICH
N 1018
J 350 455 2
J 400 455 2
S 1 2
L 355 455 10 0 3 0 1 0 FBOB0
N 934
J 235 850 2
J 200 850 2
S 2 1
L 205 850 10 0 3 0 1 0 FBMB0
N 950
J 730 770 2
J 690 770 1
S 2 1
L 695 770 10 0 3 0 1 0 LOGICH
N 949
J 690 750 1
J 730 750 2
S 1 2
L 695 750 10 0 3 0 1 0 LOGICH
N 948
J 730 730 2
J 690 730 1
S 2 1
L 695 730 10 0 3 0 1 0 LOGICH
N 947
J 690 710 1
J 730 710 2
S 1 2
L 695 710 10 0 3 0 1 0 LOGICH
N 946
J 405 730 2
J 365 730 1
S 2 1
L 370 730 10 0 3 0 1 0 LOGICH
N 945
J 365 750 1
J 405 750 2
S 1 2
L 370 750 10 0 3 0 1 0 LOGICH
N 944
J 405 770 2
J 365 770 1
S 2 1
L 370 770 10 0 3 0 1 0 LOGICH
N 943
J 365 790 1
J 405 790 2
S 1 2
L 370 790 10 0 3 0 1 0 LOGICH
N 940
J 380 810 1
J 405 810 2
S 1 2
L 390 810 10 0 3 0 1 0 CLK
N 938
J 730 790 2
J 705 790 1
S 2 1
L 715 790 10 0 3 0 1 0 CLK
N 960
J 1385 730 2
J 1360 730 1
S 2 1
L 1370 730 10 0 3 0 1 0 CLK
N 965
J 380 620 1
J 405 620 2
S 1 2
L 390 620 10 0 3 0 1 0 CLK
N 968
J 370 660 2
J 405 660 2
S 1 2
L 375 660 10 0 3 0 1 0 FBNB0
I 970 virtex2:FD 1 405 580 0 1 '
C 965 2 3 0
C 968 2 1 0
C 971 1 4 0
N 971
J 525 660 2
J 575 660 2
S 1 2
N 972
J 700 580 1
J 740 580 2
S 1 2
L 705 580 10 0 3 0 1 0 LOGICH
N 973
J 740 560 2
J 700 560 1
S 2 1
L 705 560 10 0 3 0 1 0 LOGICH
N 974
J 700 540 1
J 740 540 2
S 1 2
L 705 540 10 0 3 0 1 0 LOGICH
N 975
J 740 520 2
J 700 520 1
S 2 1
L 705 520 10 0 3 0 1 0 LOGICH
N 976
J 535 540 1
J 575 540 2
S 1 2
L 540 540 10 0 3 0 1 0 LOGICH
N 977
J 575 560 2
J 535 560 1
S 2 1
L 540 560 10 0 3 0 1 0 LOGICH
N 978
J 535 580 1
J 575 580 2
S 1 2
L 540 580 10 0 3 0 1 0 LOGICH
N 979
J 575 600 2
J 535 600 1
S 2 1
L 540 600 10 0 3 0 1 0 LOGICH
I 981 virtex2:SRL16 1 575 500 0 1 '
A 575 505 10 0 3 0 @INIT=0000
A 575 490 10 0 3 1 INIT=0000
C 982 1 8 0
C 976 2 5 0
C 977 1 4 0
C 978 2 3 0
C 979 1 2 0
C 971 2 1 0
C 1030 2 7 0
N 982
J 575 620 2
J 550 620 1
S 2 1
L 560 620 10 0 3 0 1 0 CLK
N 984
J 715 600 1
J 740 600 2
S 1 2
L 725 600 10 0 3 0 1 0 CLK
N 986
J 890 580 1
J 915 580 2
S 1 2
L 900 580 10 0 3 0 1 0 CLK
N 987
J 915 500 2
J 875 500 1
S 2 1
L 880 500 10 0 3 0 1 0 LOGICH
N 988
J 875 520 1
J 915 520 2
S 1 2
L 880 520 10 0 3 0 1 0 LOGICL
N 989
J 915 540 2
J 875 540 1
S 2 1
L 880 540 10 0 3 0 1 0 LOGICH
N 990
J 875 560 1
J 915 560 2
S 1 2
L 880 560 10 0 3 0 1 0 LOGICH
N 777
J 895 990 1
J 920 990 2
S 1 2
L 905 990 10 0 3 0 1 0 CLK
N 772
J 580 1010 2
J 555 1010 1
S 2 1
L 565 1010 10 0 3 0 1 0 CLK
N 801
J 580 990 2
J 540 990 1
S 2 1
L 545 990 10 0 3 0 1 0 LOGICH
N 802
J 540 970 1
J 580 970 2
S 1 2
L 545 970 10 0 3 0 1 0 LOGICH
N 803
J 580 950 2
J 540 950 1
S 2 1
L 545 950 10 0 3 0 1 0 LOGICH
N 804
J 540 930 1
J 580 930 2
S 1 2
L 545 930 10 0 3 0 1 0 LOGICH
N 808
J 920 910 2
J 880 910 1
S 2 1
L 885 910 10 0 3 0 1 0 LOGICH
N 807
J 880 930 1
J 920 930 2
S 1 2
L 885 930 10 0 3 0 1 0 LOGICH
N 806
J 920 950 2
J 880 950 1
S 2 1
L 885 950 10 0 3 0 1 0 LOGICH
N 805
J 880 970 1
J 920 970 2
S 1 2
L 885 970 10 0 3 0 1 0 LOGICH
I 110 PAGE 1 0 0 0 1 '
N 685
J 1100 1010 2
J 1040 1010 2
S 2 1
N 994
J 1075 560 1
J 1100 560 2
S 1 2
L 1085 560 10 0 3 0 1 0 CLK
I 1051 virtex2:XNOR4 1 310 1000 0 1 '
C 1092 2 5 0
C 1091 1 7 0
C 1090 2 6 0
C 769 1 1 0
C 922 1 8 0
N 922
J 390 1050 2
J 425 1050 2
S 1 2
L 395 1050 10 0 3 0 1 0 FBLB0
I 920 virtex2:SRL16 1 920 870 0 1 '
A 920 860 10 0 3 1 INIT=0000
A 920 875 10 0 3 0 @INIT=0000
C 685 2 7 0
C 1093 2 1 0
C 805 2 2 0
C 806 1 3 0
C 807 2 4 0
C 808 1 5 0
C 777 2 8 0
N 930
J 1260 990 2
J 1220 990 2
S 2 1
N 951
J 405 850 2
J 355 850 2
S 2 1
N 937
J 235 810 2
J 210 810 1
S 2 1
L 220 810 10 0 3 0 1 0 CLK
N 963
J 1565 770 1
J 1505 770 2
S 2 1
L 1520 770 10 0 3 0 1 0 FBMB56
N 1031
J 915 620 2
J 860 620 2
S 2 1
I 1078 virtex2:XNOR4 1 290 610 0 1 '
C 1140 2 5 0
C 1139 1 7 0
C 1138 2 6 0
C 1081 1 1 0
C 968 1 8 0
N 997
J 1080 395 2
J 1035 395 2
S 2 1
I 1083 virtex2:XNOR4 1 270 405 0 1 '
C 1018 1 8 0
C 1086 2 1 0
C 1151 1 6 0
C 1152 2 7 0
C 1153 1 5 0
I 1008 virtex2:SRL16 1 400 295 0 1 '
A 400 285 10 0 3 1 INIT=0000
A 400 300 10 0 3 0 @INIT=0000
C 1156 2 7 0
C 1018 2 1 0
C 1010 2 2 0
C 1011 1 3 0
C 1012 2 4 0
C 1013 1 5 0
C 1007 2 8 0
N 769
J 310 1080 2
J 265 1080 1
S 2 1
L 270 1080 10 0 3 0 1 0 FBLB54
I 923 virtex2:FD 1 425 970 0 1 '
C 925 2 3 0
C 922 2 1 0
C 1058 2 4 0
N 925
J 400 1010 1
J 425 1010 2
S 1 2
L 410 1010 10 0 3 0 1 0 CLK
N 1058
J 580 1050 2
J 545 1050 2
S 2 1
L 550 1050 10 0 3 0 1 0 FBLB1
N 1093
J 870 1030 2
J 920 1030 2
S 1 2
L 875 1030 10 0 3 0 1 0 FBLB18
I 1095 virtex2:FD 1 750 950 0 1 '
C 1093 1 4 0
C 1096 1 1 0
C 1094 1 3 0
I 919 virtex2:SRL16 1 580 890 0 1 '
A 580 895 10 0 3 0 @INIT=0000
A 580 880 10 0 3 1 INIT=0000
C 772 1 8 0
C 804 2 5 0
C 803 1 4 0
C 802 2 3 0
C 801 1 2 0
C 1058 1 1 0
C 1096 2 7 0
N 1066
J 1060 890 1
J 1100 890 2
S 1 2
L 1065 890 10 0 3 0 1 0 LOGICH
N 1065
J 1100 910 2
J 1060 910 1
S 2 1
L 1065 910 10 0 3 0 1 0 LOGICH
I 1061 virtex2:SRL16 1 1100 850 0 1 '
A 1100 855 10 0 3 0 @INIT=0000
A 1100 840 10 0 3 1 INIT=0000
C 1067 1 8 0
C 1066 2 5 0
C 1065 1 4 0
C 1064 2 3 0
C 1063 1 2 0
C 685 1 1 0
C 930 2 7 0
N 1102
J 1420 970 2
J 1380 970 2
S 2 1
L 1390 970 10 0 3 0 1 0 FBLB53
I 1104 virtex2:FD 1 1420 890 0 1 '
C 1103 1 3 0
C 1102 1 1 0
C 1105 2 4 0
N 1069
J 75 880 1
J 120 880 2
S 1 2
L 80 880 10 0 3 0 1 0 FBMB56
I 932 virtex2:FD 1 235 770 0 1 '
C 951 2 4 0
C 934 1 1 0
C 937 1 3 0
I 1068 virtex2:XNOR4 1 120 800 0 1 '
C 934 2 8 0
C 1069 2 1 0
C 1113 1 6 0
C 1114 2 7 0
C 1115 1 5 0
I 941 virtex2:SRL16 1 405 690 0 1 '
A 405 680 10 0 3 1 INIT=0000
A 405 695 10 0 3 0 @INIT=0000
C 1122 2 7 0
C 951 1 1 0
C 943 2 2 0
C 944 1 3 0
C 945 2 4 0
C 946 1 5 0
C 940 2 8 0
I 939 virtex2:SRL16 1 730 670 0 1 '
A 730 675 10 0 3 0 @INIT=0000
A 730 660 10 0 3 1 INIT=0000
C 938 1 8 0
C 947 2 5 0
C 948 1 4 0
C 949 2 3 0
C 950 1 2 0
C 1123 1 1 0
C 1125 2 7 0
I 1076 virtex2:FD 1 565 750 0 1 '
C 1074 2 3 0
C 1122 1 1 0
C 1123 2 4 0
N 1125
J 895 810 2
J 850 810 2
S 2 1
L 855 810 10 0 3 0 1 0 FBMB34
I 1124 virtex2:FD 1 895 730 0 1 '
C 1127 2 4 0
C 1125 1 1 0
C 1126 2 3 0
I 953 virtex2:SRL16 1 1050 650 0 1 '
A 1050 655 10 0 3 0 @INIT=0000
A 1050 640 10 0 3 1 INIT=0000
C 959 1 8 0
C 957 2 5 0
C 956 1 4 0
C 955 2 3 0
C 954 1 2 0
C 1127 1 1 0
C 1136 2 7 0
N 959
J 1050 770 2
J 1025 770 1
S 2 1
L 1035 770 10 0 3 0 1 0 CLK
N 954
J 1050 750 2
J 1010 750 1
S 2 1
L 1015 750 10 0 3 0 1 0 LOGICH
N 955
J 1010 730 1
J 1050 730 2
S 1 2
L 1015 730 10 0 3 0 1 0 LOGICH
N 956
J 1050 710 2
J 1010 710 1
S 2 1
L 1015 710 10 0 3 0 1 0 LOGICH
N 957
J 1010 690 1
J 1050 690 2
S 1 2
L 1015 690 10 0 3 0 1 0 LOGICH
I 961 virtex2:FD 1 1385 690 0 1 '
C 960 1 3 0
C 1137 1 1 0
C 963 2 4 0
N 1137
J 1385 770 2
J 1335 770 2
S 2 1
L 1345 770 10 0 3 0 1 0 FBMB55
N 1081
J 290 690 2
J 245 690 1
S 2 1
L 250 690 10 0 3 0 1 0 FBNB61
N 1030
J 740 640 2
J 695 640 2
S 2 1
I 983 virtex2:SRL16 1 740 480 0 1 '
A 740 470 10 0 3 1 INIT=0000
A 740 485 10 0 3 0 @INIT=0000
C 1031 2 7 0
C 1030 1 1 0
C 972 2 2 0
C 973 1 3 0
C 974 2 4 0
C 975 1 5 0
C 984 2 8 0
I 964 virtex2:SRL16 1 915 460 0 1 '
A 915 450 10 0 3 1 INIT=0000
A 915 465 10 0 3 0 @INIT=0000
C 992 2 7 0
C 1031 1 1 0
C 990 2 2 0
C 989 1 3 0
C 988 2 4 0
C 987 1 5 0
C 986 2 8 0
I 993 virtex2:FD 1 1100 520 0 1 '
C 991 1 4 0
C 992 1 1 0
C 994 2 3 0
N 992
J 1100 600 2
J 1035 600 2
S 2 1
L 1040 600 10 0 3 0 1 0 FBNB45
N 991
J 1220 600 2
J 1280 600 2
S 1 2
L 1235 600 10 0 3 0 1 0 FBNB46
N 1086
J 225 485 1
J 270 485 2
S 1 2
L 230 485 10 0 3 0 1 0 FBOB62
I 1025 virtex2:SRL16 1 915 255 0 1 '
A 915 260 10 0 3 0 @INIT=0000
A 915 245 10 0 3 1 INIT=0000
C 1003 1 8 0
C 1002 2 5 0
C 1001 1 4 0
C 1000 2 3 0
C 999 1 2 0
C 1004 2 1 0
C 997 2 7 0
N 1156
J 570 435 2
J 520 435 2
S 2 1
L 525 435 10 0 3 0 1 0 FBOB5
N 1157
J 690 435 2
J 735 435 2
S 1 2
L 690 435 10 0 3 0 1 0 FBOB6
I 1006 virtex2:SRL16 1 735 275 0 1 '
A 735 280 10 0 3 0 @INIT=0000
A 735 265 10 0 3 1 INIT=0000
C 1005 1 8 0
C 1014 2 5 0
C 1015 1 4 0
C 1016 2 3 0
C 1017 1 2 0
C 1157 2 1 0
C 1004 1 7 0
I 1087 virtex2:FD 1 1415 275 0 1 '
C 1089 1 4 0
C 1037 1 1 0
C 1088 1 3 0
N 1037
J 1415 355 2
J 1380 355 2
S 2 1
L 1385 355 10 0 3 0 1 0 FBOB61
N 1145
J 1240 520 1
J 1280 520 2
S 1 2
L 1245 520 10 0 3 0 1 0 LOGICL
T 750 0 20 0 3 CMS CSC Electronics
Q 11 0 0
T 1145 30 25 0 3 GU
Q 11 0 0
T 750 20 20 0 3 DAQ Motherboard Controller
Q 11 0 0
T 1255 30 25 0 3 50A
Q 11 0 0
T 750 40 20 0 3 More Random L1ACC
Q 11 0 0
T 1630 0 25 0 3 60J
Q 11 0 0
T 165 1005 20 0 3 LFSR 54
T 20 895 20 0 3 LFSR 56
T 110 610 20 0 3 LFSR 61
T 110 390 20 0 3 LFSR 62
U 1550 0 20 0 3 3 @SHEET=11
U 1540 0 20 0 9 3 @NAME=RANDOMTRG
U 1210 10 14 0 3 3 @DATETIME=3-5-2003_16:03
T 1495 35 25 0 3 DMB6CNTL
Q 11 0 0
E
