V 51
K 398360777000 trigcon
Y 0
D 0 0 1700 1100
Z 1
i 1052
N 1047
J 1290 385 2
J 1265 385 1
S 2 1
L 1275 385 10 0 3 0 1 0 CLK
N 1048
J 1250 305 1
J 1290 305 2
S 1 2
L 1255 305 10 0 3 0 1 0 LOGICL
N 1049
J 1290 325 2
J 1250 325 1
S 2 1
L 1255 325 10 0 3 0 1 0 LOGICH
N 1050
J 1250 345 1
J 1290 345 2
S 1 2
L 1255 345 10 0 3 0 1 0 LOGICL
N 1051
J 1290 365 2
J 1250 365 1
S 2 1
L 1255 365 10 0 3 0 1 0 LOGICL
I 1052 virtex2:SRL16 1 1290 265 0 1 '
A 1290 270 10 0 3 0 @INIT=0000
C 998 2 7 0
C 1032 1 1 0
C 1051 1 2 0
C 1050 2 3 0
C 1049 1 4 0
C 1048 2 5 0
C 1047 1 8 0
N 1046
J 1080 445 2
J 1120 445 2
S 1 2
N 1045
J 960 445 2
J 915 445 2
S 2 1
N 1043
J 960 405 2
J 935 405 1
S 2 1
L 945 405 10 0 3 0 1 0 CLK
I 1044 virtex2:FD 1 960 365 0 1 '
C 1043 1 3 0
C 1045 1 1 0
C 1046 1 4 0
N 1038
J 1080 630 1
J 1105 630 2
S 1 2
L 1090 630 10 0 3 0 1 0 CLK
N 1039
J 1105 550 2
J 1065 550 1
S 2 1
L 1070 550 10 0 3 0 1 0 LOGICL
N 1040
J 1065 570 1
J 1105 570 2
S 1 2
L 1070 570 10 0 3 0 1 0 LOGICH
N 1041
J 1105 590 2
J 1065 590 1
S 2 1
L 1070 590 10 0 3 0 1 0 LOGICH
N 1042
J 1065 610 1
J 1105 610 2
S 1 2
L 1070 610 10 0 3 0 1 0 LOGICH
N 1002
J 340 495 2
J 295 495 1
S 2 1
L 300 495 10 0 3 0 1 0 FBUB65
I 1003 virtex2:SRL16 1 630 325 0 1 '
A 630 330 10 0 3 0 @INIT=0000
C 1018 1 7 0
C 1017 2 1 0
C 1026 1 2 0
C 1025 2 3 0
C 1024 1 4 0
C 1023 2 5 0
C 1021 1 8 0
I 1004 virtex2:SRL16 1 470 345 0 1 '
A 470 350 10 0 3 0 @INIT=0000
A 470 335 10 0 3 1 INIT=0000
C 1020 2 8 0
C 1016 1 5 0
C 1015 2 4 0
C 1014 1 3 0
C 1013 2 2 0
C 1031 2 1 0
C 1017 1 7 0
I 1005 virtex2:XNOR2 1 340 475 0 1 '
C 1031 1 1 0
C 1019 2 2 0
C 1002 1 3 0
I 1006 virtex2:SRL16 1 795 305 0 1 '
A 795 310 10 0 3 0 @INIT=0000
C 1045 2 7 0
C 1018 2 1 0
C 1030 1 2 0
C 1029 2 3 0
C 1028 1 4 0
C 1027 2 5 0
C 1022 1 8 0
N 1008
J 1080 385 1
J 1120 385 2
S 1 2
L 1085 385 10 0 3 0 1 0 LOGICH
N 1009
J 1120 365 2
J 1080 365 1
S 2 1
L 1085 365 10 0 3 0 1 0 LOGICH
N 1010
J 1080 345 1
J 1120 345 2
S 1 2
L 1085 345 10 0 3 0 1 0 LOGICH
N 1011
J 1120 325 2
J 1080 325 1
S 2 1
L 1085 325 10 0 3 0 1 0 LOGICH
N 1012
J 1095 405 1
J 1120 405 2
S 1 2
L 1105 405 10 0 3 0 1 0 CLK
N 1013
J 430 445 1
J 470 445 2
S 1 2
L 435 445 10 0 3 0 1 0 LOGICH
N 1014
J 470 425 2
J 430 425 1
S 2 1
L 435 425 10 0 3 0 1 0 LOGICH
N 1015
J 430 405 1
J 470 405 2
S 1 2
L 435 405 10 0 3 0 1 0 LOGICH
N 1016
J 470 385 2
J 430 385 1
S 2 1
L 435 385 10 0 3 0 1 0 LOGICH
N 1017
J 590 485 2
J 630 485 2
S 1 2
N 1018
J 750 465 2
J 795 465 2
S 1 2
N 1019
J 295 515 1
J 340 515 2
S 1 2
L 300 515 10 0 3 0 1 0 FBUB71
N 1020
J 445 465 1
J 470 465 2
S 1 2
L 455 465 10 0 3 0 1 0 CLK
N 1021
J 630 445 2
J 605 445 1
S 2 1
L 615 445 10 0 3 0 1 0 CLK
N 1022
J 795 425 2
J 770 425 1
S 2 1
L 780 425 10 0 3 0 1 0 CLK
N 1023
J 590 365 1
J 630 365 2
S 1 2
L 595 365 10 0 3 0 1 0 LOGICH
N 1024
J 630 385 2
J 590 385 1
S 2 1
L 595 385 10 0 3 0 1 0 LOGICH
N 1025
J 590 405 1
J 630 405 2
S 1 2
L 595 405 10 0 3 0 1 0 LOGICH
N 1026
J 630 425 2
J 590 425 1
S 2 1
L 595 425 10 0 3 0 1 0 LOGICH
N 1027
J 755 345 1
J 795 345 2
S 1 2
L 760 345 10 0 3 0 1 0 LOGICH
N 1028
J 795 365 2
J 755 365 1
S 2 1
L 760 365 10 0 3 0 1 0 LOGICH
N 1029
J 755 385 1
J 795 385 2
S 1 2
L 760 385 10 0 3 0 1 0 LOGICH
N 1030
J 795 405 2
J 755 405 1
S 2 1
L 760 405 10 0 3 0 1 0 LOGICH
N 1031
J 420 505 2
J 470 505 2
S 1 2
L 430 505 10 0 3 0 1 0 FBUB0
N 1034
J 1450 365 2
J 1425 365 1
S 2 1
L 1435 365 10 0 3 0 1 0 CLK
N 1035
J 1570 405 2
J 1610 405 1
S 1 2
L 1575 405 10 0 3 0 1 0 FBUB71
N 963
J 945 690 2
J 905 690 2
S 2 1
N 964
J 285 740 1
J 330 740 2
S 1 2
L 290 740 10 0 3 0 1 0 FBTB59
I 965 virtex2:SRL16 1 620 570 0 1 '
A 620 575 10 0 3 0 @INIT=0000
C 983 2 8 0
C 985 1 5 0
C 986 2 4 0
C 987 1 3 0
C 988 2 2 0
C 979 1 1 0
C 980 2 7 0
I 966 virtex2:SRL16 1 460 590 0 1 '
A 460 580 10 0 3 1 INIT=0000
A 460 595 10 0 3 0 @INIT=0000
C 979 2 7 0
C 993 1 1 0
C 975 1 2 0
C 976 2 3 0
C 977 1 4 0
C 978 2 5 0
C 982 1 8 0
I 967 virtex2:XNOR2 1 330 720 0 1 '
C 964 2 3 0
C 981 1 2 0
C 993 2 1 0
I 968 virtex2:SRL16 1 785 550 0 1 '
A 785 555 10 0 3 0 @INIT=0000
C 984 2 8 0
C 989 1 5 0
C 990 2 4 0
C 991 1 3 0
C 992 2 2 0
C 980 1 1 0
C 963 2 7 0
N 970
J 945 630 2
J 905 630 1
S 2 1
L 910 630 10 0 3 0 1 0 LOGICL
N 971
J 905 610 1
J 945 610 2
S 1 2
L 910 610 10 0 3 0 1 0 LOGICH
N 972
J 945 590 2
J 905 590 1
S 2 1
L 910 590 10 0 3 0 1 0 LOGICL
N 973
J 905 570 1
J 945 570 2
S 1 2
L 910 570 10 0 3 0 1 0 LOGICH
N 974
J 945 650 2
J 920 650 1
S 2 1
L 930 650 10 0 3 0 1 0 CLK
N 975
J 460 690 2
J 420 690 1
S 2 1
L 425 690 10 0 3 0 1 0 LOGICH
N 976
J 420 670 1
J 460 670 2
S 1 2
L 425 670 10 0 3 0 1 0 LOGICH
N 977
J 460 650 2
J 420 650 1
S 2 1
L 425 650 10 0 3 0 1 0 LOGICH
N 978
J 420 630 1
J 460 630 2
S 1 2
L 425 630 10 0 3 0 1 0 LOGICH
N 979
J 620 730 2
J 580 730 2
S 2 1
N 980
J 785 710 2
J 740 710 2
S 2 1
N 981
J 330 760 2
J 285 760 1
S 2 1
L 290 760 10 0 3 0 1 0 FBTB68
N 982
J 460 710 2
J 435 710 1
S 2 1
L 440 710 10 0 3 0 1 0 CLK
N 983
J 595 690 1
J 620 690 2
S 1 2
L 605 690 10 0 3 0 1 0 CLK
N 984
J 760 670 1
J 785 670 2
S 1 2
L 770 670 10 0 3 0 1 0 CLK
N 985
J 620 610 2
J 580 610 1
S 2 1
L 585 610 10 0 3 0 1 0 LOGICH
N 986
J 580 630 1
J 620 630 2
S 1 2
L 585 630 10 0 3 0 1 0 LOGICH
N 987
J 620 650 2
J 580 650 1
S 2 1
L 585 650 10 0 3 0 1 0 LOGICH
N 988
J 580 670 1
J 620 670 2
S 1 2
L 585 670 10 0 3 0 1 0 LOGICH
N 989
J 785 590 2
J 745 590 1
S 2 1
L 750 590 10 0 3 0 1 0 LOGICH
N 990
J 745 610 1
J 785 610 2
S 1 2
L 750 610 10 0 3 0 1 0 LOGICH
N 991
J 785 630 2
J 745 630 1
S 2 1
L 750 630 10 0 3 0 1 0 LOGICH
N 992
J 745 650 1
J 785 650 2
S 1 2
L 750 650 10 0 3 0 1 0 LOGICH
N 993
J 460 750 2
J 410 750 2
S 2 1
L 420 750 10 0 3 0 1 0 FBTB0
N 996
J 1240 610 1
J 1265 610 2
S 1 2
L 1250 610 10 0 3 0 1 0 CLK
N 997
J 1425 650 1
J 1385 650 2
S 2 1
L 1390 650 10 0 3 0 1 0 FBTB68
N 957
J 1400 900 2
J 1440 900 1
S 1 2
L 1405 900 10 0 3 0 1 0 FBSB65
N 958
J 1280 860 2
J 1255 860 1
S 2 1
L 1265 860 10 0 3 0 1 0 CLK
I 959 virtex2:FD 1 1280 820 0 1 '
C 958 1 3 0
C 928 1 1 0
C 957 1 4 0
N 923
J 1120 900 2
J 1070 900 2
S 2 1
N 929
J 415 980 2
J 465 980 2
S 1 2
L 425 980 10 0 3 0 1 0 FBSB0
N 932
J 790 880 2
J 750 880 1
S 2 1
L 755 880 10 0 3 0 1 0 LOGICL
N 933
J 750 860 1
J 790 860 2
S 1 2
L 755 860 10 0 3 0 1 0 LOGICH
N 934
J 790 840 2
J 750 840 1
S 2 1
L 755 840 10 0 3 0 1 0 LOGICH
N 935
J 750 820 1
J 790 820 2
S 1 2
L 755 820 10 0 3 0 1 0 LOGICH
N 936
J 625 900 2
J 585 900 1
S 2 1
L 590 900 10 0 3 0 1 0 LOGICH
N 937
J 585 880 1
J 625 880 2
S 1 2
L 590 880 10 0 3 0 1 0 LOGICH
N 938
J 625 860 2
J 585 860 1
S 2 1
L 590 860 10 0 3 0 1 0 LOGICH
N 939
J 585 840 1
J 625 840 2
S 1 2
L 590 840 10 0 3 0 1 0 LOGICH
N 940
J 790 900 2
J 765 900 1
S 2 1
L 775 900 10 0 3 0 1 0 CLK
N 941
J 625 920 2
J 600 920 1
S 2 1
L 610 920 10 0 3 0 1 0 CLK
N 942
J 440 940 1
J 465 940 2
S 1 2
L 450 940 10 0 3 0 1 0 CLK
N 944
J 290 990 1
J 335 990 2
S 1 2
L 295 990 10 0 3 0 1 0 FBSB65
N 945
J 745 940 2
J 790 940 2
S 1 2
N 946
J 585 960 2
J 625 960 2
S 1 2
N 947
J 465 860 2
J 425 860 1
S 2 1
L 430 860 10 0 3 0 1 0 LOGICH
N 948
J 425 880 1
J 465 880 2
S 1 2
L 430 880 10 0 3 0 1 0 LOGICH
N 949
J 465 900 2
J 425 900 1
S 2 1
L 430 900 10 0 3 0 1 0 LOGICH
N 950
J 425 920 1
J 465 920 2
S 1 2
L 430 920 10 0 3 0 1 0 LOGICH
N 952
J 925 880 1
J 950 880 2
S 1 2
L 935 880 10 0 3 0 1 0 CLK
N 953
J 950 800 2
J 910 800 1
S 2 1
L 915 800 10 0 3 0 1 0 LOGICH
N 954
J 910 820 1
J 950 820 2
S 1 2
L 915 820 10 0 3 0 1 0 LOGICH
N 955
J 950 840 2
J 910 840 1
S 2 1
L 915 840 10 0 3 0 1 0 LOGICH
N 956
J 910 860 1
J 950 860 2
S 1 2
L 915 860 10 0 3 0 1 0 LOGICH
I 925 virtex2:SRL16 1 950 760 0 1 '
A 950 765 10 0 3 0 @INIT=0000
C 952 2 8 0
C 953 1 5 0
C 954 2 4 0
C 955 1 3 0
C 956 2 2 0
C 924 2 1 0
C 923 2 7 0
I 926 virtex2:SRL16 1 790 780 0 1 '
A 790 785 10 0 3 0 @INIT=0000
C 924 1 7 0
C 945 2 1 0
C 932 1 2 0
C 933 2 3 0
C 934 1 4 0
C 935 2 5 0
C 940 1 8 0
I 930 virtex2:XNOR2 1 335 950 0 1 '
C 929 1 1 0
C 944 2 2 0
C 943 1 3 0
I 931 virtex2:SRL16 1 465 820 0 1 '
A 465 825 10 0 3 0 @INIT=0000
A 465 810 10 0 3 1 INIT=0000
C 942 2 8 0
C 947 1 5 0
C 948 2 4 0
C 949 1 3 0
C 950 2 2 0
C 929 2 1 0
C 946 1 7 0
I 951 virtex2:SRL16 1 625 800 0 1 '
A 625 805 10 0 3 0 @INIT=0000
C 945 1 7 0
C 946 2 1 0
C 936 1 2 0
C 937 2 3 0
C 938 1 4 0
C 939 2 5 0
C 941 1 8 0
I 110 PAGE 1 0 0 0 1 '
N 943
J 335 970 2
J 290 970 1
S 2 1
L 295 970 10 0 3 0 1 0 FBSB47
N 924
J 910 920 2
J 950 920 2
S 1 2
L 915 920 10 0 3 0 1 0 FBSB47
I 922 virtex2:FD 1 1120 820 0 1 '
C 928 2 4 0
C 923 1 1 0
C 927 2 3 0
N 927
J 1095 860 1
J 1120 860 2
S 1 2
L 1105 860 10 0 3 0 1 0 CLK
N 928
J 1280 900 2
J 1240 900 2
S 2 1
N 994
J 1105 670 2
J 1065 670 2
S 2 1
L 1070 670 10 0 3 0 1 0 FBTB59
I 969 virtex2:SRL16 1 945 530 0 1 '
A 945 535 10 0 3 0 @INIT=0000
C 994 2 7 0
C 963 1 1 0
C 970 1 2 0
C 971 2 3 0
C 972 1 4 0
C 973 2 5 0
C 974 1 8 0
I 1036 virtex2:SRL16 1 1105 510 0 1 '
A 1105 515 10 0 3 0 @INIT=0000
C 1038 2 8 0
C 1039 1 5 0
C 1040 2 4 0
C 1041 1 3 0
C 1042 2 2 0
C 994 1 1 0
C 960 1 7 0
N 960
J 1225 650 2
J 1265 650 2
S 1 2
I 995 virtex2:FD 1 1265 570 0 1 '
C 997 2 4 0
C 960 2 1 0
C 996 2 3 0
N 1032
J 1290 425 2
J 1240 425 2
S 2 1
L 1250 425 10 0 3 0 1 0 FBUB65
I 1007 virtex2:SRL16 1 1120 285 0 1 '
A 1120 290 10 0 3 0 @INIT=0000
C 1012 2 8 0
C 1011 1 5 0
C 1010 2 4 0
C 1009 1 3 0
C 1008 2 2 0
C 1046 2 1 0
C 1032 2 7 0
I 1033 virtex2:FD 1 1450 325 0 1 '
C 1034 1 3 0
C 998 1 1 0
C 1035 1 4 0
N 998
J 1450 405 2
J 1410 405 2
S 2 1
T 750 0 20 0 3 CMS CSC Electronics
Q 11 0 0
T 1145 30 25 0 3 GU
Q 11 0 0
T 750 20 20 0 3 DAQ Motherboard Controller
Q 11 0 0
T 1255 30 25 0 3 50A
Q 11 0 0
T 750 40 20 0 3 More Random L1ACC
Q 11 0 0
T 1630 0 25 0 3 60M
Q 11 0 0
T 315 910 20 0 3 LFSR 65
T 310 680 20 0 3 LFSR 68
T 320 435 20 0 3 LFSR 71
U 1210 10 14 0 3 3 @DATETIME=3-5-2003_16:03
U 1540 0 20 0 9 3 @NAME=RANDOMTRG
U 1550 0 20 0 3 3 @SHEET=14
T 1495 35 25 0 3 DMB6CNTL
Q 11 0 0
E
