V 51
K 398360777000 trigcon
Y 0
D 0 0 1700 1100
Z 1
i 1321
N 1321
J 1580 370 2
J 1630 370 1
S 1 2
L 1585 370 10 0 3 0 1 0 LCT1SEL1
N 1320
J 1630 495 1
J 1580 495 2
S 2 1
L 1585 495 10 0 3 0 1 0 LCT1SEL2
N 1318
J 1630 745 1
J 1580 745 2
S 2 1
L 1585 745 10 0 3 0 1 0 LCT2SEL1
N 1317
J 1580 865 2
J 1630 865 1
S 1 2
L 1585 865 10 0 3 0 1 0 LCT2SEL2
N 1315
J 1075 995 2
J 1125 995 1
S 1 2
L 1080 995 10 0 3 0 1 0 LCT4SEL3
N 1314
J 1125 870 1
J 1075 870 2
S 2 1
L 1080 870 10 0 3 0 1 0 LCT4SEL2
N 1312
J 1125 625 1
J 1075 625 2
S 2 1
L 1075 625 10 0 3 0 1 0 LCT3SEL3
N 1311
J 1075 500 2
J 1125 500 1
S 1 2
L 1075 500 10 0 3 0 1 0 LCT3SEL2
N 1309
J 555 370 2
J 605 370 1
S 1 2
L 555 370 10 0 3 0 1 0 LCT5SEL1
N 1308
J 605 495 1
J 555 495 2
S 2 1
L 555 495 10 0 3 0 1 0 LCT5SEL2
N 1306
J 605 745 1
J 555 745 2
S 2 1
L 555 745 10 0 3 0 1 0 GTRGSEL1
N 1305
J 555 865 2
J 605 865 1
S 1 2
L 555 865 10 0 3 0 1 0 GTRGSEL2
N 1261
J 1260 455 2
J 1215 455 1
S 2 1
L 1220 455 15 0 3 0 1 0 DRCK
N 1262
J 1220 580 1
J 1260 580 2
S 1 2
L 1225 580 15 0 3 0 1 0 DRCK
N 1263
J 1260 705 2
J 1215 705 1
S 2 1
L 1220 705 15 0 3 0 1 0 DRCK
N 1264
J 1215 825 1
J 1260 825 2
S 1 2
L 1220 825 15 0 3 0 1 0 DRCK
N 1265
J 1260 950 2
J 1215 950 1
S 2 1
L 1220 950 15 0 3 0 1 0 DRCK
N 1266
J 1260 990 2
J 1215 990 1
S 2 1
L 1220 990 15 0 3 0 1 0 PREV2
N 1267
J 1460 495 2
J 1260 370 2
J 1235 370 3
J 1235 410 3
J 1390 410 3
J 1390 495 5
J 1380 495 2
S 6 1
S 3 2
S 3 4
S 4 5
S 5 6
S 7 6
N 1268
J 1460 620 2
J 1380 620 2
J 1390 620 5
J 1390 535 3
J 1240 535 3
J 1240 495 3
J 1260 495 2
S 3 1
S 2 3
S 4 3
S 5 4
S 6 5
S 6 7
N 1269
J 1460 745 2
J 1380 745 2
J 1390 745 5
J 1390 660 3
J 1240 660 3
J 1240 620 3
J 1260 620 2
S 3 1
S 2 3
S 4 3
S 5 4
S 6 5
S 6 7
N 1270
J 1460 865 2
J 1260 745 2
J 1235 745 3
J 1235 780 3
J 1390 780 3
J 1390 865 5
J 1380 865 2
S 6 1
S 3 2
S 3 4
S 4 5
S 5 6
S 7 6
N 1271
J 1460 990 2
J 1380 990 2
J 1390 990 5
J 1390 905 3
J 1240 905 3
J 1240 865 3
J 1260 865 2
S 3 1
S 2 3
S 4 3
S 5 4
S 6 5
S 6 7
I 1273 virtex2:FDCE 1 1260 540 0 1 '
C 1268 2 4 0
C 1269 7 1 0
C 1286 2 6 0
C 965 40 2 0
C 1262 2 3 0
N 1275
J 1200 330 1
J 1260 330 2
S 1 2
L 1205 330 15 0 3 0 1 0 DRCK
I 1276 virtex2:FDCE 1 1260 665 0 1 '
C 1269 2 4 0
C 1270 2 1 0
C 1287 2 6 0
C 965 33 2 0
C 1263 1 3 0
I 1277 virtex2:FDC 1 1460 665 0 1 '
C 1318 2 4 0
C 1269 1 1 0
C 1282 2 6 0
C 947 11 3 0
I 1278 virtex2:FDC 1 1460 785 0 1 '
C 1317 1 4 0
C 1270 1 1 0
C 1283 2 6 0
C 947 9 3 0
I 1279 virtex2:FDCE 1 1260 785 0 1 '
C 1270 7 4 0
C 1271 7 1 0
C 1288 2 6 0
C 965 31 2 0
C 1264 2 3 0
N 1280
J 1460 425 2
J 1405 425 1
S 2 1
L 1415 425 15 0 3 0 1 0 RST
N 1281
J 1460 550 2
J 1405 550 1
S 2 1
L 1415 550 15 0 3 0 1 0 RST
N 1282
J 1405 675 1
J 1460 675 2
S 1 2
L 1415 675 15 0 3 0 1 0 RST
N 1283
J 1405 795 1
J 1460 795 2
S 1 2
L 1415 795 15 0 3 0 1 0 RST
N 1284
J 1460 920 2
J 1405 920 1
S 2 1
L 1415 920 15 0 3 0 1 0 RST
N 1285
J 1215 425 1
J 1260 425 2
S 1 2
L 1230 425 10 0 3 0 1 0 RST
N 1286
J 1225 550 1
J 1260 550 2
S 1 2
L 1235 550 10 0 3 0 1 0 RST
N 1287
J 1230 675 1
J 1260 675 2
S 1 2
L 1235 675 10 0 3 0 1 0 RST
N 1288
J 1225 795 1
J 1260 795 2
S 1 2
L 1235 795 10 0 3 0 1 0 RST
N 1289
J 1225 920 1
J 1260 920 2
S 1 2
L 1230 920 10 0 3 0 1 0 RST
I 1293 virtex2:FDCE 1 1260 415 0 1 '
C 1267 7 4 0
C 1268 7 1 0
C 1285 2 6 0
C 965 37 2 0
C 1261 1 3 0
I 1294 virtex2:FDCE 1 1260 910 0 1 '
C 1271 2 4 0
C 1266 1 1 0
C 1289 2 6 0
C 965 29 2 0
C 1265 1 3 0
I 1295 virtex2:FDC 1 1460 415 0 1 '
C 1320 2 4 0
C 1267 1 1 0
C 1280 1 6 0
C 947 5 3 0
I 1296 virtex2:FDC 1 1460 540 0 1 '
C 1319 1 4 0
C 1268 1 1 0
C 1281 1 6 0
C 947 14 3 0
I 1297 virtex2:FDC 1 1460 910 0 1 '
C 1316 2 4 0
C 1271 1 1 0
C 1284 1 6 0
C 947 7 3 0
I 1298 virtex2:FDC 1 1460 290 0 1 '
C 947 3 3 0
C 1303 2 6 0
C 1301 1 1 0
C 1321 1 4 0
I 1299 virtex2:FDCE 1 1260 290 0 1 '
C 1275 2 3 0
C 965 35 2 0
C 1302 1 6 0
C 1267 2 1 0
C 1301 2 4 0
N 1302
J 1260 300 2
J 1215 300 1
S 2 1
L 1230 300 10 0 3 0 1 0 RST
N 1303
J 1405 300 1
J 1460 300 2
S 1 2
L 1415 300 15 0 3 0 1 0 RST
N 1218
J 710 460 1
J 755 460 2
S 1 2
L 715 460 15 0 3 0 1 0 DRCK
N 1219
J 755 585 2
J 715 585 1
S 2 1
L 720 585 15 0 3 0 1 0 DRCK
N 1220
J 710 710 1
J 755 710 2
S 1 2
L 715 710 15 0 3 0 1 0 DRCK
N 1221
J 755 830 2
J 710 830 1
S 2 1
L 715 830 15 0 3 0 1 0 DRCK
N 1222
J 710 955 1
J 755 955 2
S 1 2
L 715 955 15 0 3 0 1 0 DRCK
N 1224
J 875 500 2
J 755 375 2
J 730 375 3
J 730 415 3
J 885 415 3
J 885 500 5
J 955 500 2
S 1 6
S 3 2
S 3 4
S 4 5
S 5 6
S 6 7
N 1225
J 755 500 2
J 735 500 3
J 735 540 3
J 885 540 3
J 875 625 2
J 885 625 5
J 955 625 2
S 2 1
S 2 3
S 3 4
S 4 6
S 5 6
S 6 7
N 1226
J 755 625 2
J 735 625 3
J 735 665 3
J 885 665 3
J 875 750 2
J 885 750 5
J 955 750 2
S 2 1
S 2 3
S 3 4
S 4 6
S 5 6
S 6 7
N 1227
J 875 870 2
J 755 750 2
J 730 750 3
J 730 785 3
J 885 785 3
J 885 870 5
J 955 870 2
S 1 6
S 3 2
S 3 4
S 4 5
S 5 6
S 6 7
N 1228
J 755 870 2
J 735 870 3
J 735 910 3
J 885 910 3
J 875 995 2
J 885 995 5
J 955 995 2
S 2 1
S 2 3
S 3 4
S 4 6
S 5 6
S 6 7
I 1230 virtex2:FDCE 1 755 545 0 1 '
C 1219 1 3 0
C 965 23 2 0
C 1243 1 6 0
C 1226 1 1 0
C 1225 5 4 0
N 1232
J 755 335 2
J 695 335 1
S 2 1
L 700 335 15 0 3 0 1 0 DRCK
I 1233 virtex2:FDCE 1 755 670 0 1 '
C 1220 2 3 0
C 965 18 2 0
C 1244 1 6 0
C 1227 2 1 0
C 1226 5 4 0
I 1234 virtex2:FDC 1 955 670 0 1 '
C 947 16 3 0
C 1239 1 6 0
C 1226 7 1 0
C 1313 1 4 0
I 1235 virtex2:FDC 1 955 790 0 1 '
C 947 17 3 0
C 1240 1 6 0
C 1227 7 1 0
C 1314 2 4 0
I 1236 virtex2:FDCE 1 755 790 0 1 '
C 1221 1 3 0
C 965 17 2 0
C 1245 1 6 0
C 1228 1 1 0
C 1227 1 4 0
N 1237
J 900 430 1
J 955 430 2
S 1 2
L 910 430 15 0 3 0 1 0 RST
N 1238
J 900 555 1
J 955 555 2
S 1 2
L 910 555 15 0 3 0 1 0 RST
N 1239
J 955 680 2
J 900 680 1
S 2 1
L 910 680 15 0 3 0 1 0 RST
N 1240
J 955 800 2
J 900 800 1
S 2 1
L 910 800 15 0 3 0 1 0 RST
N 1241
J 900 925 1
J 955 925 2
S 1 2
L 910 925 15 0 3 0 1 0 RST
N 1242
J 755 430 2
J 710 430 1
S 2 1
L 725 430 10 0 3 0 1 0 RST
N 1243
J 755 555 2
J 720 555 1
S 2 1
L 730 555 10 0 3 0 1 0 RST
N 1244
J 755 680 2
J 725 680 1
S 2 1
L 730 680 10 0 3 0 1 0 RST
N 1245
J 755 800 2
J 720 800 1
S 2 1
L 730 800 10 0 3 0 1 0 RST
N 1246
J 755 925 2
J 720 925 1
S 2 1
L 725 925 10 0 3 0 1 0 RST
I 1250 virtex2:FDCE 1 755 420 0 1 '
C 1218 2 3 0
C 965 19 2 0
C 1242 1 6 0
C 1225 1 1 0
C 1224 1 4 0
I 1251 virtex2:FDCE 1 755 915 0 1 '
C 1222 2 3 0
C 965 28 2 0
C 1246 1 6 0
C 1223 2 1 0
C 1228 5 4 0
I 1252 virtex2:FDC 1 955 420 0 1 '
C 947 23 3 0
C 1237 2 6 0
C 1224 7 1 0
C 1311 1 4 0
I 1253 virtex2:FDC 1 955 545 0 1 '
C 947 15 3 0
C 1238 2 6 0
C 1225 7 1 0
C 1312 2 4 0
I 1254 virtex2:FDC 1 955 915 0 1 '
C 947 18 3 0
C 1241 2 6 0
C 1228 7 1 0
C 1315 1 4 0
I 1255 virtex2:FDC 1 955 295 0 1 '
C 1310 2 4 0
C 1258 2 1 0
C 1260 1 6 0
C 947 25 3 0
I 1256 virtex2:FDCE 1 755 295 0 1 '
C 1258 1 4 0
C 1224 2 1 0
C 1259 2 6 0
C 965 20 2 0
C 1232 1 3 0
N 1259
J 710 305 1
J 755 305 2
S 1 2
L 725 305 10 0 3 0 1 0 RST
N 1260
J 955 305 2
J 900 305 1
S 2 1
L 910 305 15 0 3 0 1 0 RST
N 1207
J 380 300 1
J 435 300 2
S 1 2
L 390 300 15 0 3 0 1 0 RST
N 1209
J 235 300 2
J 190 300 1
S 2 1
L 205 300 10 0 3 0 1 0 RST
I 1214 virtex2:FDCE 1 235 290 0 1 '
C 1212 2 3 0
C 965 5 2 0
C 1209 1 6 0
C 943 5 1 0
C 1211 2 4 0
I 1215 virtex2:FDC 1 435 290 0 1 '
C 947 31 3 0
C 1207 2 6 0
C 1211 1 1 0
C 1309 1 4 0
I 956 virtex2:FDC 1 435 910 0 1 '
C 1304 2 4 0
C 973 1 1 0
C 958 1 6 0
C 947 40 3 0
I 936 virtex2:FDC 1 435 540 0 1 '
C 1307 1 4 0
C 935 1 1 0
C 948 1 6 0
C 947 35 3 0
I 944 virtex2:FDC 1 435 415 0 1 '
C 1308 2 4 0
C 943 1 1 0
C 950 1 6 0
C 947 32 3 0
I 1176 virtex2:FDCE 1 235 910 0 1 '
C 973 3 4 0
C 961 1 1 0
C 966 2 6 0
C 965 15 2 0
C 962 1 3 0
I 1172 virtex2:FDCE 1 235 415 0 1 '
C 943 7 4 0
C 935 6 1 0
C 1097 2 6 0
C 965 9 2 0
C 1099 1 3 0
N 1167
J 305 250 2
J 235 250 1
S 2 1
L 245 250 15 0 3 0 1 0 SEL2
N 1166
J 235 230 1
J 305 230 2
S 1 2
L 245 230 15 0 3 0 1 0 FLOAD
N 1163
J 40 990 1
J 75 990 2
S 1 2
L 45 990 10 0 3 0 1 0 SHIFT
I 110 PAGE 1 0 0 0 1 '
N 971
J 40 950 1
J 75 950 2
S 1 2
L 45 950 10 0 3 0 1 0 FLOAD
N 969
J 75 970 2
J 40 970 1
S 2 1
L 45 970 10 0 3 0 1 0 SEL2
N 1165
J 305 210 2
J 235 210 1
S 2 1
L 245 210 15 0 3 0 1 0 UPDATE
N 966
J 200 920 1
J 235 920 2
S 1 2
L 205 920 10 0 3 0 1 0 RST
N 1088
J 200 795 1
J 235 795 2
S 1 2
L 210 795 10 0 3 0 1 0 RST
N 1094
J 205 675 1
J 235 675 2
S 1 2
L 210 675 10 0 3 0 1 0 RST
N 1091
J 200 550 1
J 235 550 2
S 1 2
L 210 550 10 0 3 0 1 0 RST
N 1097
J 190 425 1
J 235 425 2
S 1 2
L 205 425 10 0 3 0 1 0 RST
N 958
J 435 920 2
J 380 920 1
S 2 1
L 390 920 15 0 3 0 1 0 RST
N 959
J 380 795 1
J 435 795 2
S 1 2
L 390 795 15 0 3 0 1 0 RST
N 978
J 380 675 1
J 435 675 2
S 1 2
L 390 675 15 0 3 0 1 0 RST
N 948
J 435 550 2
J 380 550 1
S 2 1
L 390 550 15 0 3 0 1 0 RST
N 950
J 435 425 2
J 380 425 1
S 2 1
L 390 425 15 0 3 0 1 0 RST
I 1175 virtex2:FDCE 1 235 785 0 1 '
C 976 7 4 0
C 973 4 1 0
C 1088 2 6 0
C 965 16 2 0
C 1090 2 3 0
I 972 virtex2:FDC 1 435 785 0 1 '
C 1305 1 4 0
C 976 1 1 0
C 959 2 6 0
C 947 39 3 0
I 918 virtex2:FDC 1 435 665 0 1 '
C 1306 2 4 0
C 919 1 1 0
C 978 2 6 0
C 947 36 3 0
I 1174 virtex2:FDCE 1 235 665 0 1 '
C 919 7 4 0
C 976 3 1 0
C 1094 2 6 0
C 965 11 2 0
C 1093 1 3 0
N 1212
J 175 330 1
J 235 330 2
S 1 2
L 180 330 15 0 3 0 1 0 DRCK
I 1173 virtex2:FDCE 1 235 540 0 1 '
C 935 7 4 0
C 919 4 1 0
C 1091 2 6 0
C 965 12 2 0
C 1096 2 3 0
I 1164 virtex2:AND3 1 305 190 0 1 '
C 1165 1 3 0
C 1166 2 2 0
C 1167 1 1 0
C 947 27 7 0
N 973
J 435 990 2
J 365 990 5
J 355 990 2
J 235 865 2
J 215 865 3
J 215 905 3
J 365 905 3
S 2 1
S 3 2
S 5 4
S 6 7
S 7 2
S 5 6
N 976
J 435 865 2
J 365 865 5
J 235 745 2
J 365 780 3
J 210 780 3
J 210 745 3
J 355 865 2
S 2 1
S 4 2
S 7 2
S 6 3
S 5 4
S 6 5
N 919
J 435 745 2
J 365 745 5
J 215 620 3
J 235 620 2
J 215 660 3
J 365 660 3
J 355 745 2
S 2 1
S 3 4
S 7 2
S 5 6
S 6 2
S 3 5
N 935
J 435 620 2
J 365 620 5
J 365 535 3
J 215 495 3
J 215 535 3
J 235 495 2
J 355 620 2
S 2 1
S 4 6
S 7 2
S 5 3
S 3 2
S 4 5
N 943
J 435 495 2
J 365 495 5
J 365 410 3
J 210 410 3
J 235 370 2
J 210 370 3
J 355 495 2
S 2 1
S 3 2
S 4 3
S 6 5
S 7 2
S 6 4
N 961
J 235 990 2
J 190 990 1
S 2 1
L 195 990 10 0 3 0 1 0 DIN
N 962
J 235 950 2
J 190 950 1
S 2 1
L 195 950 10 0 3 0 1 0 DRCK
N 1090
J 190 825 1
J 235 825 2
S 1 2
L 195 825 15 0 3 0 1 0 DRCK
N 1093
J 235 705 2
J 190 705 1
S 2 1
L 195 705 15 0 3 0 1 0 DRCK
N 1096
J 195 580 1
J 235 580 2
S 1 2
L 200 580 15 0 3 0 1 0 DRCK
N 1099
J 235 455 2
J 190 455 1
S 2 1
L 195 455 15 0 3 0 1 0 DRCK
I 1162 virtex2:AND3 1 75 930 0 1 '
C 965 4 7 0
C 1163 2 1 0
C 969 1 2 0
C 971 2 3 0
N 947
J 935 230 5
J 1440 230 3
J 1460 330 2
J 1440 330 5
J 1460 455 2
J 1440 455 5
J 1460 950 2
J 1440 950 3
J 1460 825 2
J 1440 825 5
J 1460 705 2
J 1440 705 5
J 1440 580 5
J 1460 580 2
J 955 585 2
J 955 710 2
J 955 830 2
J 955 955 2
J 935 955 3
J 935 830 5
J 935 710 5
J 935 585 5
J 955 460 2
J 935 460 5
J 955 335 2
J 935 335 5
J 385 230 2
J 415 230 5
J 415 330 5
J 415 455 5
J 435 330 2
J 435 455 2
J 415 705 5
J 415 580 5
J 435 580 2
J 435 705 2
J 415 950 3
J 415 825 5
J 435 825 2
J 435 950 2
S 2 4
S 4 3
S 4 6
S 6 5
S 6 13
S 8 7
S 10 8
S 10 9
S 12 10
S 12 11
S 13 12
S 13 14
S 1 2
S 22 15
S 21 16
S 20 17
S 19 18
S 20 19
S 21 20
S 22 21
S 24 22
S 24 23
S 26 24
S 26 25
S 1 26
S 28 1
S 27 28
S 28 29
S 29 31
S 38 37
S 37 40
S 33 38
S 38 39
S 34 33
S 33 36
S 34 35
S 30 32
S 30 34
S 29 30
N 965
J 695 1035 5
J 1200 1035 3
J 175 1035 3
J 155 970 2
J 235 350 2
J 175 350 3
J 175 475 5
J 175 600 5
J 235 475 2
J 175 725 5
J 235 725 2
J 235 600 2
J 175 845 5
J 175 970 5
J 235 970 2
J 235 845 2
J 755 850 2
J 755 730 2
J 755 480 2
J 755 355 2
J 695 355 3
J 695 480 5
J 755 605 2
J 695 605 5
J 695 730 5
J 695 850 5
J 695 975 5
J 755 975 2
J 1260 970 2
J 1200 970 5
J 1260 845 2
J 1200 845 5
J 1260 725 2
J 1200 725 5
J 1260 350 2
J 1200 350 3
J 1260 475 2
J 1200 475 5
J 1200 600 5
J 1260 600 2
S 30 2
S 14 3
S 27 1
S 4 14
S 6 5
S 6 7
S 8 10
S 8 12
S 10 13
S 10 11
S 13 14
S 13 16
S 14 15
S 7 8
S 7 9
S 26 17
S 25 18
S 22 19
S 21 20
S 21 22
S 22 24
S 24 23
S 24 25
S 25 26
S 26 27
S 27 28
S 30 29
S 32 30
S 32 31
S 34 32
S 34 33
S 39 34
S 36 35
S 36 38
S 38 37
S 38 39
S 39 40
S 1 2
S 3 1
N 1301
J 1460 370 2
J 1380 370 2
S 2 1
L 1395 375 10 0 3 0 1 0 TDO
N 1211
J 435 370 2
J 355 370 2
S 2 1
L 370 375 10 0 3 0 1 0 PREV1
N 1258
J 875 375 2
J 955 375 2
S 1 2
L 890 375 10 0 3 0 1 0 PREV2
N 1223
J 710 995 1
J 755 995 2
S 1 2
L 715 995 15 0 3 0 1 0 PREV1
N 1304
J 605 990 1
J 555 990 2
S 2 1
L 555 990 10 0 3 0 1 0 GTRGSEL3
N 1307
J 555 620 2
J 605 620 1
S 1 2
L 555 620 10 0 3 0 1 0 LCT5SEL3
N 1310
J 1125 375 1
J 1075 375 2
S 2 1
L 1075 375 10 0 3 0 1 0 LCT3SEL1
N 1313
J 1075 750 2
J 1125 750 1
S 1 2
L 1080 750 10 0 3 0 1 0 LCT4SEL1
N 1316
J 1630 990 1
J 1580 990 2
S 2 1
L 1585 990 10 0 3 0 1 0 LCT2SEL3
N 1319
J 1580 620 2
J 1630 620 1
S 1 2
L 1585 620 10 0 3 0 1 0 LCT1SEL3
T 720 0 20 0 3 CMS CSC Electronics
Q 11 0 0
T 720 20 20 0 3 DAQ Motherboard Controller
Q 11 0 0
T 1145 30 25 0 3 GU
Q 11 0 0
T 1295 30 25 0 3 50A
Q 11 0 0
T 720 40 20 0 3 Random Trigger Rate Selection
Q 11 0 0
T 1625 0 25 0 3 60P
Q 11 0 0
U 1535 5 20 0 9 3 @NAME=RANDOMTRG
U 1550 5 20 0 3 3 @SHEET=16
U 1215 5 14 0 3 3 @DATETIME=3-5-2003_16:03
T 1520 30 25 0 3 DMB6CNTL
Q 11 0 0
E
