V 51
K 224033052000 D690F
Y 0
D 0 0 1700 1100
Z 1
i 2868
N 2868
J 875 420 8
J 745 420 7
B 2 1
L 745 425 18 0 3 0 1 0 REN_DATA[3:0]
N 2762
J 1035 580 1
J 1070 580 2
S 1 2
L 1040 580 14 0 3 0 1 0 RST
N 2761
J 1070 610 2
J 1035 610 1
S 2 1
L 1040 610 14 0 3 0 1 0 CLK40
N 2780
J 1260 610 1
J 1190 610 2
S 2 1
L 1175 610 14 0 3 0 1 0 L1ACNT_GT1
N 2778
J 1035 630 2
J 1070 630 2
S 1 2
N 2768
J 1000 670 2
J 1070 670 2
S 1 2
L 990 670 14 0 3 0 1 0 L1ACNT_GT1-3
N 2760
J 920 670 8
J 815 670 7
B 2 1
L 815 675 18 0 3 0 1 0 L1A_CNT[7:0]
N 2862
J 1450 295 2
J 1555 295 1
S 1 2
L 1445 295 20 0 3 0 1 0 WANT_REN
N 2860
J 1270 225 1
J 1330 225 2
S 1 2
L 1280 225 15 0 3 0 1 0 RST
N 2861
J 1330 255 2
J 1270 255 1
S 2 1
L 1280 255 15 0 3 0 1 0 CLK
N 2843
J 890 355 2
J 815 355 1
S 2 1
L 820 355 14 0 3 0 1 0 LGOODLW
N 2842
J 890 335 2
J 815 335 1
S 2 1
L 820 335 18 0 3 0 1 0 DOFW
N 2837
J 1055 390 8
J 985 390 7
B 2 1
L 990 395 14 0 3 0 1 0 WCGE2F[3:0]
N 2836
J 970 345 2
J 1055 345 2
S 1 2
L 960 345 14 0 3 0 1 0 DUP_FIFO_EDGE
N 2840
J 985 365 7
J 1055 365 8
B 1 2
L 990 370 14 0 3 0 1 0 WCGE3F[3:0]
N 2835
J 390 170 2
J 355 170 1
S 2 1
L 360 170 14 0 3 0 1 0 RST
N 2833
J 365 100 1
J 390 100 2
S 1 2
L 375 100 15 0 3 0 1 0 CLK
N 2834
J 330 140 1
J 390 140 2
S 1 2
L 335 140 14 0 3 0 1 0 L1A_MT
N 2832
J 510 140 2
J 575 140 1
S 1 2
L 510 140 14 0 3 0 1 0 L1A_MT_R
N 2803
J 855 295 2
J 750 295 3
J 750 165 3
J 770 165 2
S 2 1
L 775 295 14 0 3 0 1 0 WAS_BUSY
S 3 2
S 3 4
N 2810
J 160 155 1
J 220 155 2
S 1 2
L 165 155 14 0 3 0 1 0 RST_START
N 2806
J 745 145 1
J 770 145 2
S 1 2
L 755 145 14 0 3 0 1 0 CLK
N 2794
J 490 520 1
J 560 520 2
S 1 2
L 495 520 14 0 3 0 1 0 L1ACNT_GT1
N 2791
J 590 365 2
J 510 365 1
S 2 1
L 515 365 14 0 3 0 1 0 ONE_NOT_MT
N 2788
J 670 375 2
J 765 375 1
S 1 2
L 655 375 14 0 3 0 1 0 D_ONE_NOT_MT
N 2747
J 330 385 2
J 305 385 1
S 2 1
L 310 385 14 0 3 0 1 0 SCLK
N 2585
J 935 900 2
J 950 900 2
S 1 2
N 2465
J 915 950 1
J 950 950 2
S 1 2
L 920 950 15 0 3 0 1 0 RST_EOE
N 2461
J 1230 875 7
J 1070 920 8
J 1110 920 9
J 1110 875 9
B 2 3
L 1065 925 18 0 3 0 1 0 LDMBDAV[15:0]
B 4 3
B 4 1
L 1120 880 18 0 3 0 1 0 LDMBDAV[14:0]
N 2460
J 855 920 7
J 950 920 8
B 1 2
L 855 925 18 0 3 0 1 0 DMBDAV[15:0]
N 2464
J 930 880 1
J 950 880 2
S 1 2
L 935 880 15 0 3 0 1 0 CLK
N 2322
J 1250 815 1
J 1285 815 2
S 1 2
L 1260 815 15 0 3 0 1 0 CLK
N 2325
J 1285 855 2
J 1230 855 1
S 2 1
L 1235 855 14 0 3 0 1 0 SPWD_ERROR
N 2324
J 1460 855 1
J 1405 855 2
S 2 1
L 1385 855 14 0 3 0 1 0 LSPWD_ERROR
N 2321
J 1285 1015 2
J 1250 1015 1
S 2 1
L 1260 1015 15 0 3 0 1 0 CLK
N 2318
J 1230 1055 1
J 1285 1055 2
S 1 2
L 1235 1055 14 0 3 0 1 0 RX_ERROR
N 2319
J 1405 1055 2
J 1460 1055 1
S 1 2
L 1385 1055 14 0 3 0 1 0 LRX_ERROR
N 2340
J 445 905 2
J 410 905 1
S 2 1
L 420 905 15 0 3 0 1 0 CLK
N 2341
J 390 945 1
J 445 945 2
S 1 2
L 395 945 14 0 3 0 1 0 L1A_ERROR
N 2342
J 640 945 1
J 565 945 2
S 2 1
L 550 945 14 0 3 0 1 0 L2L1A_ERROR
N 2686
J 1475 755 2
J 1600 755 1
S 1 2
L 1465 755 18 0 3 0 1 0 PENDTIMEOUT
N 2306
J 520 680 1
J 475 680 2
S 2 1
L 460 680 14 0 3 0 1 0 LGOODFW
N 2308
J 355 680 2
J 300 680 1
S 2 1
L 305 680 14 0 3 0 1 0 GOOD_FW
N 2683
J 1320 685 1
J 1355 685 2
S 1 2
L 1325 685 14 0 3 0 1 0 RST
N 2684
J 1355 715 2
J 1320 715 1
S 2 1
L 1330 715 15 0 3 0 1 0 CLK
N 2666
J 960 970 1
J 995 970 2
S 1 2
L 965 970 14 0 3 0 1 0 RST
N 2667
J 975 1000 1
J 995 1000 2
S 1 2
L 980 1000 15 0 3 0 1 0 CLK
N 2668
J 975 1020 2
J 995 1020 2
S 1 2
I 2669 virtex:VCC 1 975 1040 5 1 '
C 2668 1 2 0
I 2670 FD4CEBUS 1 995 960 0 1 '
C 2665 1 4 0
C 2664 1 1 0
C 2666 2 8 0
C 2668 2 7 0
C 2667 2 3 0
I 2659 FD4CEBUS 1 805 960 0 1 '
C 2662 1 3 0
C 2661 1 7 0
C 2663 1 8 0
C 2658 2 1 0
C 2664 2 4 0
I 2660 virtex:VCC 1 785 1040 5 1 '
C 2661 2 2 0
N 2661
J 805 1020 2
J 785 1020 2
S 2 1
N 2662
J 805 1000 2
J 785 1000 1
S 2 1
L 790 1000 15 0 3 0 1 0 CLK
N 2663
J 805 970 2
J 770 970 1
S 2 1
L 775 970 14 0 3 0 1 0 RST
N 2664
J 995 1040 8
J 925 1040 8
B 2 1
L 915 1045 18 0 3 0 1 0 LLFOE[3:0]
N 2658
J 735 1040 8
J 805 1040 8
B 1 2
L 725 1045 18 0 3 0 1 0 LFOE[3:0]
N 2657
J 580 970 1
J 615 970 2
S 1 2
L 585 970 14 0 3 0 1 0 RST
N 2654
J 595 1000 1
J 615 1000 2
S 1 2
L 600 1000 15 0 3 0 1 0 CLK
N 2655
J 595 1020 2
J 615 1020 2
S 1 2
N 2361
J 435 1025 2
J 515 1025 1
S 1 2
L 430 1025 14 0 3 0 1 0 LLGOODLW
N 2360
J 315 1025 2
J 255 1025 1
S 2 1
L 265 1025 14 0 3 0 1 0 LGOODLW
N 2354
J 275 955 1
J 315 955 2
S 1 2
L 285 955 15 0 3 0 1 0 RST
N 2353
J 315 985 2
J 275 985 1
S 2 1
L 285 985 15 0 3 0 1 0 CLK
N 2639
J 30 845 1
J 90 845 2
S 1 2
L 40 845 14 0 3 0 1 0 NEXT_FIFO
N 2640
J 290 845 1
J 210 845 2
S 2 1
L 205 845 14 0 3 0 1 0 LNEXT_FIFO
N 2641
J 90 805 2
J 55 805 1
S 2 1
L 65 805 15 0 3 0 1 0 CLK
I 2642 virtex:FD 1 90 765 0 1 '
C 2640 2 4 0
C 2639 2 1 0
C 2641 1 3 0
I 2637 virtex:VCC 1 115 1055 5 1 '
C 2638 2 2 0
N 2638
J 140 1035 2
J 115 1035 2
S 2 1
N 2636
J 140 985 2
J 100 985 1
S 2 1
L 110 985 15 0 3 0 1 0 RST
N 2635
J 140 1015 2
J 105 1015 1
S 2 1
L 115 1015 15 0 3 0 1 0 CLK
N 2615
J 1250 795 1
J 1185 795 2
S 2 1
L 1170 795 14 0 3 0 1 0 LMOREDATA
N 2295
J 1000 795 1
J 1065 795 2
S 1 2
L 1005 795 14 0 3 0 1 0 MOREDATA
N 2298
J 1030 755 1
J 1065 755 2
S 1 2
L 1040 755 15 0 3 0 1 0 CLK
N 2605
J 120 470 2
J 85 470 1
S 2 1
L 95 470 15 0 3 0 1 0 CLK
N 2606
J 40 510 1
J 120 510 2
S 1 2
L 50 510 18 0 3 0 1 0 GOLDDAT
N 2607
J 310 510 2
J 240 510 2
S 2 1
L 230 510 18 0 3 0 1 0 LGOLDDAT
N 2608
J 380 510 2
J 450 510 1
S 1 2
L 370 510 18 0 3 0 1 1 LGOLDDAT
I 2609 virtex:FD 1 120 430 0 1 '
C 2607 2 4 0
C 2606 2 1 0
C 2605 1 3 0
I 2610 virtex:INV 1 310 500 0 1 '
C 2608 1 1 0
C 2607 1 2 0
N 2458
J 550 870 7
J 635 870 8
B 1 2
L 550 875 20 0 3 0 1 1 LLREN[3:0]
N 2459
J 885 870 7
J 755 870 8
B 2 1
L 745 875 20 0 3 0 1 1 LREN_FOUT[3:0]
N 2457
J 635 900 2
J 600 900 1
S 2 1
L 605 900 15 0 3 0 1 0 RST_EOE
N 2548
J 1275 955 2
J 1285 955 2
S 1 2
N 2553
J 1430 955 2
J 1405 955 2
S 2 1
N 2532
J 700 510 1
J 760 510 2
S 1 2
L 705 510 14 0 3 0 1 0 START
N 2530
J 525 550 1
J 560 550 2
S 1 2
L 530 550 14 0 3 0 1 0 CLK40
N 2526
J 200 600 2
J 250 600 2
S 1 2
L 195 600 14 0 3 0 1 0 BUSY+3
N 2525
J 320 600 2
J 370 600 1
S 1 2
L 315 600 14 0 3 0 1 1 BUSY+3
N 2508
J 840 550 2
J 910 550 2
S 1 2
L 830 550 14 0 3 0 1 0 STUCK_BUFF
N 2470
J 630 690 1
J 665 690 2
S 1 2
L 640 690 18 0 3 0 1 0 CLK
N 2426
J 1515 835 2
J 1475 835 1
S 2 1
L 1485 835 15 0 3 0 1 0 CLK
N 2293
J 90 745 2
J 40 745 1
S 2 1
L 45 745 14 0 3 0 1 0 SP3_ANY
I 110 PAGE 1 0 0 0 1 '
N 2299
J 55 705 1
J 90 705 2
S 1 2
L 65 705 15 0 3 0 1 0 CLK
N 2351
J 355 800 2
J 275 800 1
S 2 1
L 285 800 14 0 3 0 1 0 LREN_TRUE
N 2294
J 210 745 2
J 290 745 1
S 1 2
L 220 745 14 0 3 0 1 0 LSP3_ANY
N 2502
J 910 480 2
J 875 480 1
S 2 1
L 880 480 14 0 3 0 1 0 RST
N 2512
J 80 640 2
J 30 640 1
S 2 1
L 35 640 20 0 3 0 1 0 BUSY
N 2518
J 200 640 2
J 250 640 1
S 1 2
L 195 640 14 0 3 0 1 0 BUSY+1
N 2514
J 80 580 2
J 45 580 1
S 2 1
L 50 580 15 0 3 0 1 0 CLK40
N 2519
J 250 620 1
J 200 620 2
S 2 1
L 195 620 14 0 3 0 1 0 BUSY+2
N 2505
J 760 590 2
J 680 590 2
S 2 1
L 705 590 14 0 3 0 1 0 L1A_MT+1
N 2501
J 910 510 2
J 875 510 1
S 2 1
L 880 510 14 0 3 0 1 0 CLK40
N 2506
J 760 550 2
J 700 550 1
S 2 1
L 705 550 14 0 3 0 1 0 L1A_FAKE
N 2509
J 1140 550 1
J 1030 550 2
S 2 1
L 1020 550 20 0 3 0 1 0 STUCK_DATA
N 2551
J 1430 915 2
J 1400 915 1
S 2 1
L 1405 915 15 0 3 0 1 0 CLK40
N 2546
J 1255 915 1
J 1285 915 2
S 1 2
L 1260 915 15 0 3 0 1 0 CLK40
N 2552
J 1400 985 1
J 1430 985 2
S 1 2
L 1405 985 14 0 3 0 1 0 RST
N 2545
J 1285 985 2
J 1255 985 1
S 2 1
L 1260 985 14 0 3 0 1 0 RST
N 2554
J 1550 955 2
J 1590 955 1
S 1 2
L 1540 955 14 0 3 0 1 0 DO_RST
I 2588 FD4PE 1 635 800 0 1 '
C 2457 1 8 0
C 2459 2 4 0
C 2458 2 1 0
C 2590 1 7 0
C 2456 1 3 0
I 2584 virtex:VCC 1 935 920 5 1 '
C 2585 1 2 0
N 2466
J 595 750 1
J 665 750 2
S 1 2
L 600 750 18 0 3 0 1 0 GOLDDAT
I 2524 virtex:INV 1 250 590 0 1 '
C 2525 1 1 0
C 2526 2 2 0
N 2618
J 610 710 2
J 665 710 2
S 1 2
L 605 710 14 0 3 0 1 1 DAQ_WAIT
N 2358
J 475 800 2
J 555 800 1
S 1 2
L 465 800 14 0 3 0 1 0 LLREN_TRUE
N 2629
J 50 1055 7
J 140 1055 8
B 1 2
L 50 1060 18 0 3 0 1 0 FIFODAV[3:0]
N 2630
J 350 1055 7
J 260 1055 8
B 2 1
L 250 1060 18 0 3 0 1 0 LFIFODAV[3:0]
N 2628
J 75 925 1
J 175 925 2
S 1 2
L 85 925 14 0 3 0 1 0 LCTDATA_EXISTS
I 2631 FD4CEBUS 1 140 975 0 1 '
C 2630 2 4 0
C 2629 2 1 0
C 2636 1 8 0
C 2638 1 7 0
C 2635 1 3 0
N 2634
J 395 925 1
J 295 925 2
S 2 1
L 290 925 14 0 3 0 1 0 LCTDAT_EXISTS
N 2633
J 140 885 1
J 175 885 2
S 1 2
L 150 885 15 0 3 0 1 0 CLK
I 2285 virtex:FD 1 90 665 0 1 '
C 2299 2 3 0
C 2293 1 1 0
C 2294 1 4 0
N 2616
J 540 710 2
J 475 710 1
S 2 1
L 480 710 14 0 3 0 1 0 DAQ_WAIT
I 2589 virtex:VCC 1 615 870 5 1 '
C 2590 2 2 0
N 2590
J 635 850 2
J 615 850 2
S 2 1
N 2456
J 635 830 2
J 615 830 1
S 2 1
L 620 830 15 0 3 0 1 0 CLK
N 2472
J 665 660 2
J 630 660 1
S 2 1
L 635 660 14 0 3 0 1 0 RST
I 2653 FD4CEBUS 1 615 960 0 1 '
C 2658 1 4 0
C 2652 1 1 0
C 2657 2 8 0
C 2655 2 7 0
C 2654 2 3 0
I 2656 virtex:VCC 1 595 1040 5 1 '
C 2655 1 2 0
N 2665
J 1115 1040 8
J 1215 1040 7
B 1 2
L 1105 1045 18 0 3 0 1 0 LLLFOE[3:0]
N 2652
J 615 1040 8
J 525 1040 7
B 2 1
L 525 1045 18 0 3 0 1 0 FOE_REN[3:0]
N 2624
J 875 730 8
J 785 730 8
B 2 1
L 775 735 14 0 3 0 1 0 RECENTDAT[15:0]
N 2625
J 1035 730 1
J 955 730 2
S 2 1
L 940 730 14 0 3 0 1 0 RECENTDATA
I 2284 virtex:FD 1 1065 715 0 1 '
C 2298 2 3 0
C 2295 2 1 0
C 2615 2 4 0
N 2672
J 1345 630 3
J 1345 650 5
J 1355 650 2
J 1355 630 2
J 1220 650 1
S 1 2
S 1 4
S 2 3
S 5 2
L 1225 650 18 0 3 0 1 0 START_TIMEOUT
N 2675
J 1610 650 1
J 1475 650 2
S 2 1
L 1465 650 18 0 3 0 1 0 PSTARTTIMEOUT
N 2677
J 1320 610 1
J 1355 610 2
S 1 2
L 1330 610 15 0 3 0 1 0 CLK
N 2678
J 1355 580 2
J 1320 580 1
S 2 1
L 1325 580 14 0 3 0 1 0 RST
I 2673 virtex:FDCE 1 1355 570 0 1 '
C 2675 2 4 0
C 2672 3 1 0
C 2678 1 6 0
C 2672 4 2 0
C 2677 2 3 0
N 2671
J 1345 755 5
J 1225 755 1
J 1355 735 2
J 1355 755 2
J 1345 735 3
S 1 4
S 5 3
S 5 1
S 2 1
L 1230 755 18 0 3 0 1 0 END_TIMEOUT
I 2632 virtex:FD 1 175 845 0 1 '
C 2633 2 3 0
C 2628 2 1 0
C 2634 2 4 0
I 2328 virtex:FD 1 1285 775 0 1 '
C 2324 2 4 0
C 2325 1 1 0
C 2322 2 3 0
N 2434
J 1635 875 2
J 1680 875 1
S 1 2
L 1625 875 14 0 3 0 1 0 L1A_FF
N 2433
J 1515 855 2
J 1455 875 1
J 1515 875 2
J 1505 875 5
J 1505 855 3
S 5 1
S 4 3
S 5 4
S 2 4
L 1460 875 14 0 3 0 1 0 L1A_F
N 2477
J 1515 805 2
J 1460 805 1
S 2 1
L 1465 805 14 0 3 0 1 0 DO_RST
I 2339 virtex:FD 1 445 865 0 1 '
C 2342 2 4 0
C 2341 2 1 0
C 2340 1 3 0
I 2352 virtex:FDC 1 315 945 0 1 '
C 2353 1 3 0
C 2354 2 6 0
C 2360 1 1 0
C 2361 1 4 0
I 2435 virtex:FDCE 1 1515 795 0 1 '
C 2434 1 4 0
C 2433 3 1 0
C 2477 1 6 0
C 2433 1 2 0
C 2426 1 3 0
I 2547 virtex:GND 1 1235 975 3 1 '
C 2548 1 4 0
I 2550 virtex:FDP 1 1430 875 0 1 '
C 2554 1 4 0
C 2553 1 1 0
C 2552 2 14 0
C 2551 1 3 0
I 2315 virtex:FD 1 1285 975 0 1 '
C 2319 1 4 0
C 2318 2 1 0
C 2321 1 3 0
I 2586 FD16PE 1 950 840 0 1 '
C 2464 2 2 0
C 2460 2 23 0
C 2461 2 22 0
C 2465 2 24 0
C 2585 2 25 0
N 2515
J 45 550 1
J 80 550 2
S 1 2
L 50 550 14 0 3 0 1 0 RST
I 2513 virtex:SR4CE 1 80 540 0 1 '
C 2517 2 16 0
X 12 0
C 2526 1 11 0
C 2519 2 10 0
C 2518 1 4 0
C 2514 1 3 0
C 2515 2 14 0
C 2512 1 15 0
N 2517
J 55 600 2
J 80 600 2
S 1 2
I 2516 virtex:VCC 1 55 620 5 1 '
C 2517 1 2 0
N 2520
J 860 530 1
J 910 530 2
S 1 2
L 865 530 14 0 3 0 1 1 BUSY+3
N 2749
J 330 355 2
J 280 355 1
S 2 1
L 285 355 14 0 3 0 1 0 RST_EOE
N 2751
J 330 405 2
J 305 405 2
S 2 1
I 2750 virtex:VCC 1 305 425 5 1 '
C 2751 2 2 0
I 2784 virtex2p:SR16CE 1 330 345 0 1 '
C 2751 1 16 0
C 2747 1 3 0
C 2749 1 14 0
C 2745 2 15 0
C 2789 4 18 0
N 2789
J 590 385 2
J 495 385 3
J 495 425 9
J 450 425 8
S 2 1
L 505 385 14 0 3 0 1 0 ONE_NOT_MT+12
S 2 3
B 4 3
L 435 430 18 0 3 0 1 0 ONE_NOT_MT+[16:1]
I 2787 virtex2p:AND2 1 590 345 0 1 '
C 2788 1 20 0
C 2789 1 18 0
C 2791 1 19 0
N 2745
J 250 445 1
J 330 445 2
S 1 2
L 255 445 14 0 3 0 1 0 ONE_NOT_MT
N 2781
J 680 570 1
J 760 570 2
S 1 2
L 685 570 14 0 3 0 1 0 D_ONE_NOT_MT
N 2507
J 760 530 2
J 700 530 1
S 2 1
L 705 530 14 0 3 0 1 0 BUSY
N 2529
J 560 590 2
J 500 590 1
S 2 1
L 505 590 14 0 3 0 1 0 L1A_MT
N 2798
J 710 115 1
J 770 115 2
S 1 2
L 720 115 14 0 3 0 1 0 BUSY
I 2811 virtex:FDRE 1 220 145 0 1 '
C 2810 2 6 0
C 2825 1 4 0
C 2812 1 1 0
C 2819 2 2 0
C 2809 1 3 0
N 2799
J 1140 185 2
J 890 185 2
J 1060 185 5
J 925 295 2
J 1060 295 3
S 3 1
S 4 5
S 3 5
S 2 3
L 895 185 14 0 3 0 1 0 NOT_BUSY_LONG_TIME
N 2825
J 340 225 2
J 435 225 1
S 1 2
L 340 225 14 0 3 0 1 0 L1A_MT_EOE
N 2819
J 135 205 1
J 220 205 2
S 1 2
L 140 205 14 0 3 0 1 0 ENDOFEVENT
N 2827
J 1220 175 2
J 1315 175 1
S 1 2
L 1210 175 14 0 3 0 1 0 DDU_IS_EMPTY
I 2544 virtex:FDP 1 1285 875 0 1 '
C 2546 2 3 0
C 2545 1 14 0
C 2548 2 1 0
C 2553 2 4 0
I 2685 virtex:FDCE 1 1355 675 0 1 '
C 2684 1 3 0
C 2671 3 2 0
C 2683 2 6 0
C 2671 4 1 0
C 2686 1 4 0
N 2823
J 1140 165 2
J 1075 165 1
S 2 1
L 1085 165 14 0 3 0 1 0 L1A_MT_R
N 2812
J 220 225 2
J 160 225 1
S 2 1
L 165 225 14 0 3 0 1 0 L1A_MT
N 2809
J 220 185 2
J 195 185 1
S 2 1
L 205 185 15 0 3 0 1 0 CLK
I 2831 virtex2p:FDS 1 390 60 0 1 '
C 2835 1 14 0
C 2832 1 4 0
C 2834 2 1 0
C 2833 2 3 0
N 2820
J 120 180 1
J 60 180 1
S 2 1
L 65 180 14 0 3 0 1 0 ENDEVT
I 2617 virtex:INV 1 540 700 0 1 '
C 2616 1 2 0
C 2618 1 1 0
I 2467 virtex:SR16CE 1 665 650 0 1 '
C 2618 2 16 0
C 2470 2 3 0
C 2472 1 14 0
C 2466 2 15 0
C 2624 2 18 0
I 2623 OR16BUS 1 875 700 0 1 '
C 2624 1 9 0
C 2625 2 10 0
I 2815 virtex2p:CB4CE 1 770 105 0 1 '
X 17 0
C 2803 4 15 0
X 13 0
X 4 0
X 10 0
X 11 0
C 2799 2 12 0
C 2806 2 3 0
C 2798 2 14 0
I 2797 virtex2p:INV 1 925 285 4 1 '
C 2803 1 1 0
C 2799 4 2 0
I 2822 virtex2p:AND2 1 1140 145 0 1 '
C 2827 1 20 0
C 2799 1 18 0
C 2823 1 19 0
I 2844 4SOP3B3OR2 1 1055 325 0 1 '
C 2840 2 4 0
C 2836 2 5 0
C 2845 2 3 0
C 2838 2 6 0
C 2837 1 7 0
N 2838
J 1240 390 8
J 1175 390 8
B 2 1
L 1160 395 14 0 3 0 1 1 WANTREN[3:0]
N 2851
J 1365 390 2
J 1320 390 2
S 2 1
L 1325 390 10 0 3 0 1 0 REN_RDY
N 2853
J 1365 370 2
J 1320 370 1
S 2 1
L 1330 370 14 0 3 0 1 0 BUSY
I 2847 NAND4BUS 1 1240 360 0 1 '
C 2851 2 20 0
C 2838 1 18 0
I 2848 virtex2p:AND3 1 1365 350 0 1 '
C 2855 2 7 0
C 2846 1 1 0
C 2851 1 2 0
C 2853 1 3 0
N 2855
J 1485 390 2
J 1445 390 2
S 2 1
L 1450 390 10 0 3 0 1 0 W_REN
I 2849 virtex2p:OR2 1 1485 370 0 1 '
C 2856 2 10 0
C 2852 2 9 0
C 2855 1 7 0
N 2852
J 1430 410 1
J 1485 410 2
S 1 2
L 1440 410 14 0 3 0 1 0 START-1
N 2846
J 1365 410 2
J 1310 410 1
S 2 1
L 1315 410 12 0 3 0 1 1 LEXT_STOP
N 2302
J 320 640 1
J 355 640 2
S 1 2
L 330 640 15 0 3 0 1 0 CLK
I 2305 virtex:FD 1 355 600 0 1 '
C 2302 2 3 0
C 2308 1 1 0
C 2306 2 4 0
N 2356
J 295 760 1
J 355 760 2
S 1 2
L 305 760 15 0 3 0 1 0 CLK
N 2357
J 355 730 2
J 295 730 1
S 2 1
L 305 730 15 0 3 0 1 0 RST
I 2355 virtex:FDC 1 355 720 0 1 '
C 2358 1 4 0
C 2351 1 1 0
C 2357 1 6 0
C 2356 2 3 0
N 2856
J 1670 400 1
J 1565 400 2
S 2 1
L 1550 400 20 0 3 0 1 0 WANT_REN-1
I 2859 virtex:FDC 1 1330 215 0 1 '
C 2861 1 3 0
C 2860 2 6 0
C 2863 1 1 0
C 2862 1 4 0
N 2863
J 1330 295 2
J 1215 295 1
S 2 1
L 1220 295 20 0 3 0 1 0 WANT_REN-1
I 2841 virtex:OR2 1 890 315 0 1 '
C 2842 1 7 0
C 2843 1 9 0
C 2836 1 10 0
I 2776 virtex:SR4CE 1 1070 570 0 1 '
C 2778 2 16 0
C 2780 2 12 0
X 11 0
X 10 0
X 4 0
C 2761 1 3 0
C 2762 2 14 0
C 2768 2 15 0
I 2777 virtex:VCC 1 1035 650 5 1 '
C 2778 1 2 0
I 2767 OR8_BUS 1 920 640 0 1 '
C 2760 1 9 0
C 2768 1 10 0
I 2511 virtex:FDCE 1 910 470 0 1 '
C 2501 1 3 0
C 2520 2 2 0
C 2502 1 6 0
C 2508 2 1 0
C 2509 2 4 0
I 2792 virtex2p:AND5B3 1 760 490 0 1 '
C 2532 2 5 0
C 2507 1 4 0
C 2506 1 3 0
C 2781 2 1 0
C 2505 1 8 0
C 2508 1 6 0
I 2793 virtex2p:FDC 1 560 510 0 1 '
C 2505 2 4 0
C 2529 1 1 0
C 2794 2 6 0
C 2530 2 3 0
N 2864
J 1305 535 2
J 1215 535 1
S 2 1
L 1220 535 18 0 3 0 1 0 MGT_STOP
T 1149 30 25 0 3 JRG
Q 11 0 0
T 1295 30 25 0 3 2
Q 11 0 0
T 750 0 20 0 3 CMS CSC Electronics
Q 11 0 0
T 751 18 20 0 3 DDU Controller
Q 11 0 0
T 751 38 20 0 3 DDU Input FIFO Control
Q 11 0 0
T 1510 30 25 0 3 D785C
Q 11 0 0
T 740 815 20 0 3 <<<---2 more clock delays to LEDs for these----^^^^^
Q 11 0 0
T 1055 945 20 0 3 Goes to STAGE2!
Q 11 0 0
T 1385 830 24 0 3 "Stage 3"
Q 13 0 0
T 1385 1030 24 0 3 "Stage 3"
Q 13 0 0
T 1635 0 25 0 3 3K
Q 11 0 0
T 420 200 20 0 9 no load
Q 13 0 0
T 715 270 24 0 9 ^^^^Maybe don't need, just use OneNotEmpty?^^^^
Q 11 0 0
T 1130 140 20 0 9 voids glitch at Pop FIFO^^^
Q 13 0 0
T 715 295 24 0 9 caused by 1000ns L1A pipe delay in CloseL1A Monitor
Q 11 0 0
T 715 315 24 0 9 ^^^1100-1200ns delay, prevents false StuckData
Q 11 0 0
T 935 90 20 0 3 1)  DDU has been "not BUSY" for at least 8 clocks
Q 13 0 0
T 935 70 20 0 3 2)  L1A FIFO was Empty at that time
Q 13 0 0
T 890 115 20 0 3 Logic for TFDDU ResyncEnable, determine if DDU completed all L1
+ As
Q 13 0 0
T 1120 420 24 0 3 not Page 27 yet
Q 14 0 0
T 1420 340 24 0 3 4.0-logic-step delay
Q 13 0 0
T 1180 445 40 0 3 MGT_STOP in.  WANT_REN out.
Q 11 0 0
U 1205 5 20 0 3 3 @DATETIME=3-25-2012_15:14
U 1510 5 20 0 9 3 @NAME=FIFOCTRL
U 1565 5 20 0 3 3 @SHEET=12
I 2865 virtex:OR2 1 1305 495 0 1 '
X 10 0
C 2864 1 9 0
X 7 0
I 2867 INV4_BUS 1 875 410 0 1 '
C 2868 1 2 0
C 2845 1 1 0
N 2845
J 945 420 8
J 1055 420 8
B 1 2
L 965 425 18 0 3 0 1 1 REN_DATA[3:0]
E
