V 51
K 7468887480 tst1
Y 0
D 0 0 1700 1100
Z 1
i 4058
N 4058
J 635 685 1
J 545 685 2
S 2 1
L 535 685 16 0 3 0 1 0 OEDEFAULT+1
N 4054
J 425 645 2
J 380 645 1
S 2 1
L 385 645 14 0 3 0 1 0 CLK
N 4055
J 370 615 1
J 425 615 2
S 1 2
L 380 615 14 0 3 0 1 0 RST
N 4051
J 865 740 2
J 945 740 1
S 1 2
L 855 740 16 0 3 0 1 0 OETRAIL+2
N 4048
J 745 670 2
J 690 670 1
S 2 1
L 700 670 14 0 3 0 1 0 RST
N 4049
J 700 700 1
J 745 700 2
S 1 2
L 705 700 14 0 3 0 1 0 CLK
N 4031
J 440 725 7
J 315 725 8
B 2 1
L 305 730 24 0 3 0 1 0 XOD[65:0]
N 4033
J 175 755 1
J 195 755 2
S 1 2
L 180 755 14 0 3 0 1 0 RST
N 4034
J 195 725 8
J 75 725 7
B 2 1
L 75 730 24 0 3 0 1 0 OD[65:0]
N 4035
J 195 685 2
J 175 685 1
S 2 1
L 180 685 10 0 3 0 1 0 CLK
N 3960
J 1095 755 7
J 1185 735 2
J 1395 720 8
J 1240 720 9
J 1240 735 11
J 1240 755 9
B 1 6
L 1095 760 18 0 3 0 1 0 LSUM_ERR[14:0]
S 2 5
L 1175 735 10 0 3 0 1 0 LSUM_ERR15
B 4 3
L 1255 725 14 0 3 0 1 0 LSUM_ERR[15:0]
B 4 5
B 5 6
N 3970
J 1025 735 1
J 1115 735 2
S 1 2
L 1035 735 14 0 3 0 1 0 DMB-FULL
N 3878
J 830 910 2
J 1050 1055 7
J 935 1055 9
J 830 1025 8
J 935 1025 11
J 830 985 8
J 935 985 11
J 830 945 8
J 935 945 11
J 935 910 11
J 830 825 8
J 935 825 9
J 935 885 11
J 830 885 2
S 1 10
L 850 910 18 0 3 0 1 0 ROD64
B 5 3
B 4 5
L 840 1030 18 0 3 0 1 0 ROD[15:0]
B 7 5
B 6 7
L 840 990 18 0 3 0 1 0 ROD[47:32]
B 9 7
B 8 9
L 840 950 18 0 3 0 1 0 ROD[63:48]
B 10 9
B 13 10
B 11 12
L 835 830 18 0 3 0 1 0 ROD[31:16]
B 12 13
S 14 13
L 850 885 18 0 3 0 1 0 ROD65
B 3 2
L 935 1060 24 0 3 0 1 0 ROD[65:0]
N 3976
J 1555 520 2
J 1465 520 1
S 2 1
L 1475 520 14 0 3 0 1 0 STATUS3
N 3974
J 1465 435 1
J 1555 435 2
S 1 2
L 1475 435 14 0 3 0 1 0 STATUS14
I 3963 virtex:BUFE16 1 1395 785 0 1 '
C 3948 14 1 0
C 3957 4 2 0
C 3950 7 4 0
N 3928
J 1580 995 2
J 1675 995 1
S 1 2
L 1600 995 24 0 3 0 1 1 WEN
N 3930
J 1460 1025 2
J 1415 1025 1
S 2 1
L 1425 1025 14 0 3 0 1 0 RST
N 3926
J 1460 955 2
J 1440 955 1
S 2 1
L 1445 955 10 0 3 0 1 0 CLK
N 3952
J 1395 660 8
J 1395 600 8
J 1235 600 9
J 1235 660 11
J 1120 670 7
J 1235 670 9
B 5 6
L 1125 675 20 0 3 0 1 0 STATUS[31:0]
B 4 6
B 3 4
B 3 2
L 1250 605 20 0 3 0 1 0 STATUS[31:16]
B 4 1
L 1250 665 20 0 3 0 1 0 STATUS[15:0]
N 3875
J 365 1000 1
J 385 1000 2
S 1 2
L 370 1000 10 0 3 0 1 0 CLK
I 111 PAGE 1 0 0 0 1 '
I 3882 virtex:BUF 1 760 875 0 1 '
C 3878 14 1 0
C 3872 11 2 0
I 3883 virtex:BUF 1 760 900 0 1 '
C 3872 9 2 0
C 3878 1 1 0
I 3918 M2_1_16 1 730 785 0 1 '
C 3878 11 2 0
C 3922 1 5 0
C 3872 14 4 0
C 3919 2 3 0
I 3943 virtex:BUFE16 1 1395 590 0 1 '
C 3948 9 1 0
C 3952 2 2 0
C 3950 1 4 0
I 3942 virtex:BUFE16 1 1395 650 0 1 '
C 3950 3 4 0
C 3952 1 2 0
C 3948 8 1 0
I 3941 virtex:BUFE16 1 1395 710 0 1 '
C 3950 5 4 0
C 3960 3 2 0
C 3948 7 1 0
N 3950
J 1395 620 2
J 1380 620 3
J 1395 680 2
J 1380 680 5
J 1395 740 2
J 1380 740 5
J 1395 815 2
J 1380 815 5
J 1380 850 3
J 1265 850 1
S 2 1
S 2 4
S 4 3
S 4 6
S 6 5
S 6 8
S 8 7
S 8 9
S 10 9
L 1280 850 20 0 3 0 1 0 OETRAIL-1
N 3948
J 1510 835 1
J 1675 880 7
J 1580 880 9
J 1510 860 1
J 1580 860 11
J 1580 835 11
J 1465 720 8
J 1465 660 8
J 1465 600 8
J 1580 600 9
J 1580 660 11
J 1580 720 11
J 1580 795 11
J 1465 795 8
B 14 13
L 1480 800 20 0 3 0 1 0 OD[15:0]
B 12 13
B 11 12
B 10 11
B 9 10
L 1480 605 20 0 3 0 1 0 OD[63:48]
B 8 11
L 1480 665 20 0 3 0 1 0 OD[47:32]
B 7 12
L 1480 725 20 0 3 0 1 0 OD[31:16]
B 13 6
S 1 6
L 1520 835 20 0 3 0 1 0 OD65
B 3 2
L 1595 885 24 0 3 0 1 0 OD[65:0]
B 5 3
S 4 5
L 1520 860 20 0 3 0 1 0 OD64
B 6 5
N 3957
J 1240 830 9
J 1240 810 11
J 1185 810 2
J 1395 795 8
J 1240 795 9
J 1095 830 7
B 6 1
L 1095 835 20 0 3 0 1 0 DMB_WARN[14:0]
S 3 2
L 1175 810 10 0 3 0 1 0 DMB_WARN15
B 5 4
L 1255 800 14 0 3 0 1 0 DMB_WARN[15:0]
B 5 2
B 2 1
N 3973
J 1555 455 2
J 1465 455 1
S 2 1
L 1475 455 14 0 3 0 1 0 STATUS15
I 3985 virtex:BUF 1 1555 530 0 1 '
C 3988 15 1 0
C 3975 2 2 0
I 3986 virtex:BUF 1 1555 510 0 1 '
C 3976 1 2 0
C 3988 14 1 0
I 3981 virtex:OR2 1 1550 460 0 1 '
C 3980 1 7 0
C 3978 1 9 0
C 3988 16 10 0
N 3977
J 1465 415 1
J 1555 415 2
S 1 2
L 1475 415 14 0 3 0 1 0 STATUS1
I 3984 virtex:BUF 1 1555 425 0 1 '
C 3974 2 2 0
C 3988 17 1 0
I 3983 virtex:BUF 1 1555 445 0 1 '
C 3988 13 1 0
C 3973 1 2 0
N 3980
J 1550 480 2
J 1465 480 1
S 2 1
L 1475 480 14 0 3 0 1 0 STATUS24
N 3978
J 1550 500 2
J 1465 500 1
S 2 1
L 1475 500 14 0 3 0 1 0 STATUS2
I 3987 virtex:BUF 1 1555 405 0 1 '
C 3988 18 1 0
C 3977 2 2 0
I 3982 virtex:BUF 1 1555 385 0 1 '
C 4000 2 2 0
C 3988 12 1 0
I 3965 virtex:GND 1 1145 830 3 1 '
C 3957 3 4 0
I 3999 virtex:GND 1 1585 585 3 1 '
C 3988 10 4 0
N 3988
J 1675 415 11
J 1675 435 11
J 1675 490 11
J 1675 540 11
J 1675 520 11
J 1675 455 11
J 1675 395 11
J 1675 350 9
J 1520 350 7
J 1625 565 2
J 1675 565 9
J 1625 395 2
J 1625 455 2
J 1625 520 2
J 1625 540 2
J 1630 490 2
J 1625 435 2
J 1625 415 2
S 10 11
L 1615 565 10 0 3 0 1 0 C_THREE15
S 12 7
L 1615 395 10 0 3 0 1 0 C_THREE8
S 13 6
L 1615 455 10 0 3 0 1 0 C_THREE11
S 14 5
L 1615 520 10 0 3 0 1 0 C_THREE13
S 15 4
L 1615 540 10 0 3 0 1 0 C_THREE14
S 16 3
L 1615 490 10 0 3 0 1 0 C_THREE12
S 17 2
L 1615 435 10 0 3 0 1 0 C_THREE10
S 18 1
L 1615 415 10 0 3 0 1 0 C_THREE9
B 4 11
B 5 4
B 3 5
B 6 3
B 2 6
B 1 2
B 7 1
B 8 7
B 9 8
L 1520 355 20 0 3 0 1 0 C_THREE[15:8]
N 4000
J 1490 395 1
J 1555 395 2
S 1 2
L 1495 395 12 0 3 0 1 0 TIME_OUT
N 3975
J 1465 540 1
J 1555 540 2
S 1 2
L 1475 540 14 0 3 0 1 0 STATUS13
I 4005 BUF16 1 760 935 0 1 '
C 3872 7 2 0
C 3878 8 1 0
I 4004 BUF16 1 760 975 0 1 '
C 3878 6 1 0
C 3872 5 2 0
I 4003 BUF16 1 760 1015 0 1 '
C 3872 3 2 0
C 3878 4 1 0
N 4007
J 295 985 1
J 240 985 1
S 2 1
L 245 985 18 0 3 0 1 0 START
N 3877
J 385 1070 2
J 365 1070 1
S 2 1
L 370 1070 14 0 3 0 1 0 RST
N 3906
J 345 890 2
J 290 890 1
S 2 1
L 300 890 14 0 3 0 1 0 CLK
N 3910
J 210 930 8
J 345 930 8
B 1 2
L 215 935 18 0 3 0 1 0 DDUCRC[15:0]
N 4002
J 1325 570 1
J 1235 570 1
S 2 1
L 1245 570 14 0 3 0 1 0 STATUS10
I 3927 virtex:FDP 1 1460 915 0 1 '
C 3926 1 3 0
C 3930 1 14 0
C 3929 2 1 0
C 3928 1 4 0
I 3924 virtex:INV 1 1275 935 0 1 '
C 3925 2 1 0
C 3921 1 2 0
I 3911 FD16PE 1 345 850 0 1 '
C 3906 1 2 0
C 3910 2 23 0
C 3905 1 22 0
C 4006 1 24 0
C 3907 2 25 0
N 3905
J 465 930 8
J 530 930 9
J 90 890 8
J 70 890 9
J 530 845 9
J 70 845 9
B 5 2
B 6 5
B 4 3
B 6 4
B 1 2
L 455 935 18 0 3 0 1 0 DDUFB[15:0]
N 3922
J 730 815 8
J 535 815 7
B 2 1
L 540 820 18 0 3 0 1 0 DDUFB[15:0]
I 3912 CRC16 1 90 860 0 1 '
C 3905 3 2 0
C 3909 2 1 0
C 3910 1 3 0
I 3971 virtex:BUF 1 1115 725 0 1 '
C 3960 2 1 0
C 3970 2 2 0
T 70 120 24 0 3 12mA:  add 1.18 for Slow, 0.26 for Fast
Q 11 3 0
T 70 95 24 0 3 16mA:  add 0.52 for Slow, 0.02 for Fast
Q 11 3 0
T 70 70 24 0 3 24mA:  +0.44 for Slow,  -0.08 for Fast
Q 11 3 0
T 80 145 24 0 3 8mA:  add 1.69 for Slow, 0.46 for Fast
Q 11 3 0
T 80 170 24 0 3 6mA:  add 2.60 for Slow, 1.28 for Fast
Q 11 3 0
T 616 18 20 0 3 DDU Controller
Q 11 0 0
T 616 -2 20 0 3 CMS CSC Electronics
Q 11 0 0
T 1144 30 25 0 3 JRG
Q 11 0 0
T 1290 35 25 0 3 2
Q 11 0 0
T 1530 30 25 0 3 D785C
Q 11 0 0
T 616 38 20 0 3 DDU CRC Logic for SLINK/C.D.F. Compatibility
Q 11 0 0
T 45 230 24 0 3 OFD set/hold:  0.26/0.14      Clk to Q:  2.41
Q 11 3 0
T 45 200 24 0 3 *modifiers for drive/slew settings:
Q 11 3 0
T 45 320 24 0 3 IBUF:  0.92
Q 11 3 0
T 45 295 24 0 3 IFD set/hold:  0.92/-0.12      Clk to Q:  0.65
Q 11 3 0
T 950 445 24 0 3 4-FG:  0.32        5-FG:  0.65
Q 11 3 0
T 950 365 24 0 3 Async. pre-clr to Q:  1.25
Q 11 3 0
T 950 390 24 0 3 Sync. set-rst setup:  0.60
Q 11 3 0
T 950 415 24 0 3 FD set/hold:  0/0.14      Clk to Q:  0.38
Q 11 3 0
T 950 335 24 0 3 SR16 Clk to Q:  3.12
Q 11 3 0
T 950 310 24 0 3 SR32 Clk to Q:  3.49
Q 11 3 0
T 990 70 24 0 3 to Q11 True (high state)    3.31-3.87        3.51-4.06
Q 11 3 0
T 1000 95 24 0 3 Max:  4.3,  Min:  2.5          3.32-3.62        3.40-3.64
Q 11 3 0
T 950 120 24 0 3 RCLK to Q11 False (low state)
Q 11 3 0
T 980 160 24 0 3 to Not Empty (high state)    3.22-3.34        3.23-3.31
Q 11 3 0
T 1225 620 20 0 9 DDU Status/Error 32
Q 11 0 0
T 1632 1 25 0 3 12J
Q 11 0 0
T 1550 555 30 0 9 BOE Status info:
Q 14 0 0
T 150 955 24 0 6 Page 15
Q 14 0 0
T 1460 520 14 0 9 DDUsyncErr--
Q 14 0 0
T 1460 500 14 0 9 FiberErr--
Q 14 0 0
T 1460 480 14 0 9 NoLiveFiber--
Q 14 0 0
T 1460 455 14 0 9 CriticalErr--
Q 14 0 0
T 1460 435 14 0 9 SingleErr--
Q 14 0 0
T 1460 415 14 0 9 L1Aerr--
Q 14 0 0
T 1460 540 14 0 9 SingleWarn--
Q 14 0 0
T 45 430 24 0 3 IRCLK has 4 loads, may slow signal by 0.1-0.5ns?
Q 11 3 0
T 45 400 24 0 3 CKFBout has normal drive, IRCLK has ~1.1ns Faster drive
Q 11 3 0
T 45 460 24 0 3 DDUctrl to InFIFO signals: 2" - 4",  .3ns - .6ns
Q 11 3 0
T 925 465 40 0 3 FPGA CLB Delays (ns)
Q 11 3 0
T 925 230 40 0 3 TI FIFO I/O Delays (ns)
Q 11 3 0
T 20 340 40 0 3 FPGA I/O Delays (lvcmos33, ns)
Q 11 3 0
T 45 255 24 0 3 OBUF:  2.33
Q 11 3 0
T 950 285 24 0 3 SI set/hold:  0.34/0.01
Q 11 3 0
T 1000 185 24 0 3 Max:  3.6,  Min:  2.5          3.02-3.18        3.20-3.29
Q 11 3 0
T 950 210 24 0 3 RCLK to Empty (low state)     Vcc:  3.38V        3.04V
Q 11 3 0
T 1595 235 24 0 9 Meas'd on FIFO test board
Q 11 3 0
T 1205 285 24 0 3 to Q11 (low state)    3.22-3.34        3.23-3.31
Q 11 3 0
T 1230 570 14 0 9 was DLLerr--
Q 14 0 0
T 520 815 20 0 9 CRC/Integrity16
Q 11 0 0
U 1310 5 20 0 9 3 @DATETIME=5-15-2009_13:44
U 1510 0 20 0 9 3 @NAME=STAGE2
U 1550 0 20 0 3 3 @SHEET=11
I 3876 FD66P 1 385 970 0 1 '
C 3872 1 22 0
C 3879 2 23 0
C 3877 1 26 0
C 3875 2 2 0
N 3872
J 505 1040 8
J 630 1040 9
J 760 1025 8
J 630 1025 11
J 760 985 8
J 630 985 11
J 760 945 8
J 630 945 11
J 760 910 2
J 630 910 11
J 760 885 2
J 630 885 11
J 630 835 9
J 730 835 8
B 4 2
B 4 3
L 665 1030 18 0 3 0 1 0 DOD[15:0]
B 6 4
B 6 5
L 665 990 18 0 3 0 1 0 DOD[47:32]
B 8 6
B 8 7
L 665 950 18 0 3 0 1 0 DOD[63:48]
B 10 8
B 12 10
B 13 12
S 10 9
L 680 910 18 0 3 0 1 0 DOD64
S 12 11
L 680 885 18 0 3 0 1 0 DOD65
B 13 14
L 640 840 18 0 3 0 1 0 DOD[31:16]
B 1 2
L 495 1045 24 0 3 0 1 0 DOD[65:0]
N 3909
J 30 930 7
J 90 930 8
B 1 2
L 30 935 18 0 3 0 1 0 XOD[63:0]
N 3879
J 265 1040 7
J 385 1040 8
B 1 2
L 265 1045 24 0 3 0 1 0 XOD[65:0]
N 3920
J 965 995 1
J 1060 995 2
S 1 2
L 985 995 18 0 3 0 1 1 KBIT-1
I 3931 virtex:FDP 1 1060 915 0 1 '
C 3935 2 4 0
C 3920 2 1 0
C 3934 2 14 0
C 3932 2 3 0
N 3934
J 1015 1025 1
J 1060 1025 2
S 1 2
L 1025 1025 14 0 3 0 1 0 RST
N 3932
J 1040 955 1
J 1060 955 2
S 1 2
L 1045 955 10 0 3 0 1 0 CLK
N 3921
J 1275 945 2
J 1210 945 1
S 2 1
L 1220 945 18 0 3 0 1 1 WEN
N 3925
J 1400 945 1
J 1345 945 2
S 2 1
L 1340 945 18 0 3 0 1 0 WEN
N 3907
J 290 910 1
J 345 910 2
S 1 2
L 295 910 18 0 3 0 1 0 WEN
N 3935
J 1275 995 1
J 1180 995 2
S 2 1
L 1200 995 24 0 3 0 1 1 KBIT
N 3919
J 650 795 1
J 730 795 2
S 1 2
L 655 795 14 0 3 0 1 0 OETRAIL+2
N 4047
J 745 740 2
J 665 740 1
S 2 1
L 670 740 16 0 3 0 1 0 OETRAIL+1
N 4006
J 345 960 2
J 270 960 1
S 2 1
L 275 960 14 0 3 0 1 0 OEDEFAULT+1
N 4057
J 335 685 1
J 425 685 2
S 1 2
L 340 685 16 0 3 0 1 0 OEDEFAULT
T 20 480 40 0 3 DDU Timing Info
Q 11 3 0
N 3929
J 1365 995 1
J 1460 995 2
S 1 2
L 1385 995 18 0 3 0 1 1 WEN-1
I 4052 virtex:FDC 1 425 605 0 1 '
C 4058 2 4 0
C 4057 2 1 0
C 4055 2 6 0
C 4054 1 3 0
b 20 520 1000 790
Q 13 0 0
T 35 530 40 0 3 Add Xtra pipeline reg. after OD tbufs, fixes CRCs?
Q 13 3 0
I 4032 FD66P 1 195 655 0 1 '
C 4035 1 2 0
C 4033 2 26 0
C 4034 1 23 0
C 4031 2 22 0
I 4050 virtex:FDC 1 745 660 0 1 '
C 4049 2 3 0
C 4048 1 6 0
C 4047 1 1 0
C 4051 1 4 0
E
