V 51
K 7468887480 tst1
Y 0
D 0 0 1700 1100
Z 1
i 4794
N 4766
J 915 450 1
J 1015 450 2
S 1 2
L 925 450 14 0 3 0 1 0 MISS_TRG_TRAIL
N 4768
J 1015 430 2
J 915 430 1
S 2 1
L 925 430 14 0 3 0 1 0 DMB_L1ERR
N 4771
J 915 490 1
J 1015 490 2
S 1 2
L 925 490 14 0 3 0 1 0 DVRX_SPWD_ERR
N 4754
J 1300 305 2
J 1235 305 1
S 2 1
L 1240 305 14 0 3 0 1 0 OETRAIL
N 4738
J 1585 460 8
J 1600 460 9
J 1600 515 9
J 1200 515 9
J 1200 470 9
J 1220 470 8
B 5 6
B 5 4
B 4 3
L 1345 520 18 0 3 0 1 0 CSC_PROBS_UPDATE[14:0]
B 2 3
B 1 2
N 4736
J 1220 430 2
J 1180 430 1
S 2 1
L 1190 430 15 0 3 0 1 0 CLK
N 4737
J 1340 470 8
J 1505 470 8
B 1 2
L 1355 475 14 0 3 0 1 0 CSC_PROBS[14:0]
N 4740
J 1505 450 8
J 1475 450 9
J 1475 435 9
J 1345 435 7
B 2 1
B 3 2
B 4 3
L 1345 440 18 0 3 0 1 0 L2DMB_RD[14:0]
N 4742
J 1260 285 1
J 1300 285 2
S 1 2
L 1270 285 15 0 3 0 1 0 CLK
N 4743
J 1300 255 2
J 1260 255 1
S 2 1
L 1270 255 15 0 3 0 1 0 RST
N 4747
J 1235 325 8
J 1300 325 8
B 1 2
L 1220 330 14 0 3 0 1 0 PROB_FB[14:0]
I 4748 15OR2 1 1155 295 0 1 '
C 4745 2 21 0
C 4746 4 9 0
C 4747 1 10 0
I 4749 FD15CE 1 1300 245 0 1 '
C 4742 2 3 0
C 4754 1 7 0
C 4743 1 8 0
C 4747 2 1 0
C 4741 2 4 0
I 4752 15OR2 1 1505 430 0 1 '
C 4738 1 10 0
C 4740 1 9 0
C 4737 2 21 0
I 4730 virtex2p:FDCE 1 570 615 0 1 '
C 4721 1 3 0
C 4722 1 2 0
C 4731 1 6 0
C 4614 2 1 0
C 4653 3 4 0
N 4729
J 50 425 1
J 125 425 2
S 1 2
L 65 425 14 0 3 0 1 0 RST
N 4674
J 65 385 1
J 125 385 2
S 1 2
L 70 385 14 0 3 0 1 0 TF_SIG
N 4673
J 125 405 2
J 50 405 1
S 2 1
L 60 405 14 0 3 0 1 0 NEW_DMB
N 4698
J 55 730 7
J 170 730 7
B 1 2
L 55 735 14 0 3 0 1 0 DMB_MOVLP-1_[4:0]
N 4721
J 570 655 2
J 550 655 1
S 2 1
L 555 655 14 0 3 0 1 0 CLK
N 4722
J 570 675 2
J 495 675 1
S 2 1
L 500 675 14 0 3 0 1 0 LSECOND_HDR
I 4716 virtex2p:OR2B1 1 320 80 0 1 '
C 4711 2 10 0
C 4715 1 9 0
C 4714 2 7 0
N 4714
J 260 100 1
J 320 100 2
S 1 2
L 265 100 14 0 3 0 1 0 TF_SIG
N 4715
J 320 120 2
J 245 120 1
S 2 1
L 255 120 14 0 3 0 1 0 LNEW_DMB
N 4706
J 385 180 1
J 490 180 2
S 1 2
L 390 180 20 0 3 0 1 0 DCRC_ERR
N 4707
J 490 140 2
J 415 140 1
S 2 1
L 425 140 14 0 3 0 1 0 CLK
N 4708
J 415 160 1
J 490 160 2
S 1 2
L 420 160 14 0 3 0 1 0 COMP_DCRC
I 4709 virtex2p:FDRE 1 490 100 0 1 '
C 4711 1 6 0
C 4710 2 4 0
C 4706 2 1 0
C 4708 2 2 0
C 4707 1 3 0
N 4701
J 150 150 2
J 75 150 1
S 2 1
L 80 150 14 0 3 0 1 0 LGOODDAT
N 4702
J 50 170 1
J 150 170 2
S 1 2
L 55 170 14 0 3 0 1 0 LGOOD_1ST_TR
N 4672
J 205 405 2
J 290 405 1
S 1 2
L 190 405 14 0 3 0 1 0 NEW_TFDMB
N 4667
J 205 295 2
J 290 295 1
S 1 2
L 190 295 14 0 3 0 1 0 L2NEW_TFDMB
N 4668
J 125 305 2
J 50 305 1
S 2 1
L 60 305 14 0 3 0 1 0 L2NEW_DMB
N 4661
J 795 655 2
J 775 655 1
S 2 1
L 780 655 14 0 3 0 1 0 CLK
N 4648
J 410 725 2
J 335 725 1
S 2 1
L 340 725 14 0 3 0 1 0 KILL_TFSIG
N 4647
J 340 665 2
J 410 665 2
S 1 2
L 340 665 14 0 3 0 1 0 CFEB_DAV
N 4638
J 505 920 2
J 405 920 1
S 2 1
L 410 920 14 0 3 0 1 0 GOOD_2ND_HDR
N 4636
J 345 890 2
J 280 890 1
S 2 1
L 290 890 14 0 3 0 1 0 DOUT11
N 4635
J 280 910 1
J 345 910 2
S 1 2
L 290 910 14 0 3 0 1 0 DOUT9
N 4634
J 345 930 2
J 280 930 1
S 2 1
L 290 930 14 0 3 0 1 0 DOUT7
I 4631 virtex2p:OR6 1 345 870 0 1 '
C 4634 1 3 0
C 4632 2 1 0
C 4642 2 6 0
C 4622 1 8 0
C 4623 1 7 0
C 4635 2 4 0
C 4636 1 5 0
N 4620
J 90 970 1
J 140 970 2
S 1 2
L 100 970 14 0 3 0 1 0 DOUT43
N 4623
J 345 970 2
J 260 970 2
S 2 1
L 285 970 14 0 3 0 1 0 LDOUT43
N 4603
J 1020 865 7
J 1145 865 8
B 1 2
L 1020 870 18 0 3 0 1 0 LSUM_TFERR[14:0]
N 4605
J 1355 865 1
J 1225 865 2
S 2 1
L 1210 865 20 0 3 0 1 0 TF_CRIT_ERR
I 4604 OR15 1 1145 835 0 1 '
C 4605 2 10 0
C 4603 2 9 0
N 4600
J 1400 740 2
J 1325 740 1
S 2 1
L 1330 740 20 0 3 0 1 0 TF_SIG
N 4448
J 1400 720 2
J 1380 720 1
S 2 1
L 1385 720 14 0 3 0 1 0 CLK
N 4153
J 1655 965 8
J 1665 965 9
J 1665 1040 9
J 1300 1040 9
J 1300 975 9
J 1320 975 8
B 2 3
B 1 2
B 5 4
B 5 6
B 4 3
L 1360 1045 18 0 3 0 1 0 SUM_TFERR_UPD[14:0]
I 111 PAGE 1 0 0 0 1 '
I 4156 FD15CE 1 1320 895 0 1 '
C 4158 2 3 0
C 4161 2 7 0
C 4157 1 8 0
C 4153 6 1 0
C 4154 2 4 0
I 4160 15OR2 1 1575 935 0 1 '
C 4153 1 10 0
C 4155 4 9 0
C 4154 1 21 0
N 4155
J 1405 885 7
J 1555 885 9
J 1555 955 9
J 1575 955 8
B 2 3
B 3 4
B 1 2
L 1410 890 18 0 3 0 1 0 L2DMB_RD[14:0]
N 4161
J 1135 955 1
J 1320 955 2
S 1 2
L 1135 955 20 0 3 0 1 0 SUM_TFERR
N 4154
J 1575 975 8
J 1440 975 8
B 2 1
L 1430 980 20 0 3 0 1 0 LSUM_TFERR[14:0]
N 4599
J 1345 760 2
J 1400 760 2
S 1 2
L 1330 760 20 0 3 0 1 0 TF_ERR
N 4445
J 1260 825 3
J 1260 780 3
J 1610 825 3
J 1520 760 2
J 1610 760 3
J 1265 780 2
S 2 6
S 5 3
S 4 5
L 1510 760 20 0 3 0 1 0 LTF_ERR
S 2 1
S 1 3
N 4617
J 140 990 2
J 90 990 1
S 2 1
L 100 990 14 0 3 0 1 0 DOUT42
N 4158
J 1285 935 1
J 1320 935 2
S 1 2
L 1295 935 18 0 3 0 1 0 CLK
I 4621 virtex2p:FD4CE 1 140 850 0 1 '
C 4622 2 15 0
C 4623 2 16 0
C 4620 2 17 0
C 4617 1 18 0
X 19 0
X 20 0
X 21 0
X 22 0
C 4628 2 13 0
C 4630 1 14 0
C 4629 2 3 0
N 4632
J 280 950 1
J 345 950 2
S 1 2
L 290 950 14 0 3 0 1 0 DOUT5
N 4628
J 40 910 1
J 140 910 2
S 1 2
L 45 910 14 0 3 0 1 0 GOOD_1ST_HDR
N 4629
J 120 890 1
J 140 890 2
S 1 2
L 125 890 14 0 3 0 1 0 CLK
N 4622
J 345 990 2
J 260 990 2
S 2 1
L 285 990 14 0 3 0 1 0 LDOUT42
N 4641
J 625 940 2
J 705 940 1
S 1 2
L 620 940 14 0 3 0 1 0 LTRG_DAV
N 4645
J 410 705 2
J 340 705 2
S 2 1
L 340 705 14 0 3 0 1 0 CFEB_MOVLP
N 4640
J 505 900 2
J 485 900 1
S 2 1
L 490 900 14 0 3 0 1 0 CLK
I 4637 virtex2p:FDCE 1 505 860 0 1 '
C 4641 1 4 0
C 4642 1 1 0
C 4639 2 6 0
C 4638 1 2 0
C 4640 1 3 0
N 4447
J 1355 690 1
J 1400 690 2
S 1 2
L 1360 690 14 0 3 0 1 0 RST_BOE
N 4669
J 65 285 1
J 125 285 2
S 1 2
L 70 285 14 0 3 0 1 0 TF_SIG
I 4670 virtex:OR2 1 125 265 0 1 '
C 4667 1 10 0
C 4668 1 9 0
C 4669 2 7 0
N 4649
J 410 685 2
J 330 685 1
S 2 1
L 340 685 14 0 3 0 1 0 TRG_DAV
N 4642
J 505 940 2
J 425 940 2
S 2 1
L 420 940 14 0 3 0 1 0 TRG_DAV
N 4596
J 260 665 8
J 145 665 7
B 2 1
L 145 670 14 0 3 0 1 0 SUM_CFEBDAV[4:0]
N 4614
J 490 695 2
J 570 695 2
S 1 2
L 495 695 20 0 3 0 1 0 TF_SIG-1
N 4697
J 260 705 8
J 145 705 7
B 2 1
L 145 710 14 0 3 0 1 0 DOUT[43:39]
N 4703
J 150 190 2
J 35 190 1
S 2 1
L 40 190 14 0 3 0 1 0 DDU_DMB_MATCH
N 4704
J 95 130 1
J 150 130 2
S 1 2
L 100 130 14 0 3 0 1 0 TF_SIG
N 4699
J 325 160 1
J 230 160 2
S 2 1
L 220 160 14 0 3 0 1 0 TF_L1ERR
N 4281
J 1265 740 2
J 1165 740 1
S 2 1
L 1175 740 14 0 3 0 1 0 TF_L1ERR
N 4278
J 1165 760 1
J 1265 760 2
S 1 2
L 1175 760 14 0 3 0 1 0 LTF_CRC_ERR
N 4665
J 125 335 2
J 65 335 1
S 2 1
L 70 335 14 0 3 0 1 0 TF_SIG
I 4663 virtex:OR2 1 125 315 0 1 '
C 4665 1 7 0
C 4664 2 9 0
C 4666 2 10 0
N 4666
J 290 345 1
J 205 345 2
S 2 1
L 190 345 14 0 3 0 1 0 LNEW_TFDMB
N 4711
J 490 110 2
J 400 110 2
S 2 1
L 410 110 14 0 3 0 1 0 LNEW_DMB-TF
I 4705 virtex2p:AND4B1 1 150 210 6 1 '
C 4699 2 6 0
C 4704 2 1 0
C 4701 1 3 0
C 4702 2 4 0
C 4703 1 5 0
I 4609 OR5_BUS 1 260 675 0 1 '
C 4697 1 9 0
C 4645 2 10 0
I 4612 OR5_BUS 1 260 635 0 1 '
C 4647 1 10 0
C 4596 1 9 0
I 4644 virtex2p:NOR4 1 410 645 0 1 '
C 4614 1 8 0
C 4648 1 1 0
C 4645 1 6 0
C 4649 1 7 0
C 4647 2 5 0
I 4443 virtex:FDCE 1 1400 680 0 1 '
C 4448 1 3 0
C 4600 1 2 0
C 4447 2 6 0
C 4599 2 1 0
C 4445 4 4 0
N 4662
J 795 625 2
J 750 625 1
S 2 1
L 755 625 14 0 3 0 1 0 RST_BOE
N 4660
J 985 695 1
J 915 695 2
S 2 1
L 910 695 20 0 3 0 1 0 LTF_SIG
N 4653
J 845 810 2
J 785 810 3
J 690 695 2
J 785 695 5
J 795 675 2
J 785 675 3
J 795 695 2
S 2 1
S 4 2
S 6 5
S 6 4
S 4 7
S 3 4
L 705 695 20 0 3 0 1 0 TF_SIG
N 4723
J 820 740 1
J 845 740 2
S 1 2
L 825 740 14 0 3 0 1 0 RST
N 4726
J 1035 810 1
J 965 810 2
S 2 1
L 955 810 20 0 3 0 1 0 TF_SIG+1
I 4725 virtex:FDC 1 845 730 0 1 '
C 4726 2 4 0
C 4653 1 1 0
C 4723 2 6 0
C 4724 1 3 0
N 4724
J 845 770 2
J 820 770 1
S 2 1
L 825 770 14 0 3 0 1 0 CLK
N 4639
J 430 870 1
J 505 870 2
S 1 2
L 440 870 14 0 3 0 1 0 NEW_DMB_RST
N 4630
J 140 860 2
J 65 860 1
S 2 1
L 75 860 14 0 3 0 1 0 NEW_DMB_RST
I 4598 virtex2p:OR3 1 1265 720 0 1 '
C 4281 1 2 0
C 4278 2 4 0
C 4445 6 3 0
C 4599 1 5 0
I 4728 virtex2p:OR3 1 125 365 0 1 '
C 4672 1 5 0
C 4729 2 3 0
C 4673 1 4 0
C 4674 2 2 0
N 4157
J 1320 905 2
J 1285 905 1
S 2 1
L 1290 905 14 0 3 0 1 0 RST
I 4658 virtex2p:FDCE 1 795 615 0 1 '
C 4660 2 4 0
C 4653 7 1 0
C 4662 1 6 0
C 4653 5 2 0
C 4661 1 3 0
N 4664
J 50 355 1
J 125 355 2
S 1 2
L 60 355 14 0 3 0 1 0 LNEW_DMB
N 4741
J 1575 325 7
J 1420 325 8
B 2 1
L 1415 330 18 0 3 0 1 0 PREV_CSC_PROBS[14:0]
I 4750 FD15CE 1 1220 390 0 1 '
C 4737 1 4 0
C 4738 6 1 0
C 4732 1 8 0
C 4733 2 7 0
C 4736 1 3 0
N 4745
J 980 335 7
J 1155 335 8
B 1 2
L 980 340 18 0 3 0 1 0 PREV_CSC_PROBS[14:0]
N 4746
J 980 300 7
J 1125 300 9
J 1125 315 9
J 1155 315 8
B 2 3
B 3 4
B 1 2
L 980 305 18 0 3 0 1 0 CSC_PROBS[14:0]
N 4732
J 1220 400 2
J 1160 400 1
S 2 1
L 1170 400 15 0 3 0 1 0 RST_EOE
N 4710
J 735 180 1
J 610 180 2
S 2 1
L 595 180 20 0 3 0 1 0 LTF_CRC_ERR
N 4758
J 1155 195 8
J 980 195 7
B 2 1
L 980 200 18 0 3 0 1 0 PREV_CSC_PROBS[14:0]
N 4757
J 980 160 7
J 1155 175 8
J 1125 175 9
J 1125 160 9
B 4 3
B 3 2
B 1 4
L 980 165 18 0 3 0 1 0 L2DMB_RD[14:0]
N 4733
J 1095 450 2
J 1220 450 2
S 1 2
L 1100 450 18 0 3 0 1 0 CSC_PROB
N 4759
J 1420 185 8
J 1235 185 8
B 2 1
L 1220 190 18 0 3 0 1 0 CHECK_CSC_PROBS[14:0]
N 4762
J 1420 100 2
J 1315 100 1
S 2 1
L 1320 100 18 0 3 0 1 0 CSC_PROB
N 4760
J 1420 120 2
J 1410 120 3
J 1650 145 3
J 1410 145 3
J 1650 185 3
J 1500 185 2
S 2 1
S 2 4
S 3 5
S 6 5
L 1490 185 20 0 3 0 1 0 CHECK_CSC_PROB
S 4 3
I 4755 15AND2 1 1155 155 0 1 '
C 4759 2 20 0
C 4757 2 19 0
C 4758 1 18 0
I 4764 virtex:AND2 1 1420 80 0 1 '
C 4763 2 20 0
C 4760 1 18 0
C 4762 1 19 0
N 4763
J 1640 110 1
J 1500 110 2
S 2 1
L 1500 110 20 0 3 0 1 0 RPT_CSC_PROB
I 4756 OR15 1 1420 155 0 1 '
C 4760 6 10 0
C 4759 1 9 0
N 4731
J 570 625 2
J 495 625 1
S 2 1
L 505 625 14 0 3 0 1 0 LNEW_DMB
T 595 200 24 0 3 Reset at Ecode+2
Q 14 0 0
T 615 155 20 0 3 ^^^Known for E-code+1
Q 11 0 0
T 1210 835 30 0 3 ^^^E-code+2==DDUtr-1==Stage6?  CHECK
Q 14 0 0
T 616 18 20 0 3 DDU Controller
Q 11 0 0
T 616 -2 20 0 3 CMS CSC Electronics
Q 11 0 0
T 1530 30 25 0 3 D785C
Q 11 0 0
T 1144 30 25 0 3 JRG
Q 11 0 0
T 1290 35 25 0 3 2
Q 11 0 0
T 616 38 20 0 3 Stage 2 Logic: DMB Status Checks
Q 11 0 0
T 1420 1000 30 0 3 put in DDU Trail
Q 12 1 0
T 1100 970 20 0 3 known for E-code+1
Q 11 0 0
T 1505 735 20 0 3 ^^^Held until EOE
Q 11 0 0
T 1310 800 20 0 3 known for DDUtr-2==E-code+1
Q 11 0 0
T 1535 890 30 0 3 *
Q 12 0 0
T 1275 925 30 0 9 set CRITerr ./
Q 12 1 0
T 1275 905 30 0 9 HARD-err?
Q 12 1 0
T 1632 1 25 0 3 12K
Q 11 0 0
T 20 1050 40 0 3 Check for Track Finder signal, record TF errors
Q 14 0 0
T 1300 775 30 0 3 set TFerr
Q 13 0 0
T 1455 660 30 0 3 set SINGerr  ./
Q 12 1 0
T 1160 755 20 0 9 Known for E-code+1-->>>
Q 11 0 0
T 800 70 24 0 9 ^^^compare when 2nd TFDMB Trail is received^^^
Q 14 0 0
T 325 630 30 0 3 Stage2
Q 11 0 0
T 680 665 30 0 3 Stage3
Q 11 0 0
T 1600 365 30 0 9 ^^^^Event accumulation of valid CSC problems^^^^
Q 11 0 0
T 1140 225 24 0 3 ^^^permanent CSC Problem register^^^
Q 11 0 0
T 1385 125 24 0 9 ^^^check for CSC Problem repeats^^^
Q 11 0 0
T 905 665 30 0 3 Stage4
Q 13 0 0
T 965 1005 80 0 6 END
Q 12 4 0
U 1550 0 20 0 3 3 @SHEET=12
U 1510 0 20 0 9 3 @NAME=STAGE2
U 1310 5 20 0 9 3 @DATETIME=8-12-2008_15:36
I 4794 virtex2p:OR5 1 1015 390 0 1 '
C 4733 1 8 0
C 4771 2 1 0
C 4767 2 6 0
C 4766 2 7 0
C 4768 1 5 0
C 4793 2 9 0
N 4767
J 915 470 1
J 1015 470 2
S 1 2
L 925 470 14 0 3 0 1 0 WC_ERR
N 4793
J 915 410 1
J 1015 410 2
S 1 2
L 925 410 14 0 3 0 1 0 TRIG_L1ERR
T 885 395 50 0 9 REMOVE L1ERR? -->>
Q 13 0 0
b 890 70 1675 590
Q 13 0 0
T 935 545 40 0 3 CSC Problem Repeat checking
Q 13 0 0
T 840 360 40 0 9 --> for DMBcrit reg only
Q 13 0 0
E
