V 51
K 118209874400 fpga
Y 0
D 0 0 1700 1100
Z 1
i 2889
N 2875
J 1580 220 7
J 1515 220 8
B 2 1
L 1500 225 12 0 3 0 1 0 OUTDATA[15:0]
N 2886
J 1250 140 2
J 1205 140 1
S 2 1
L 1210 140 10 0 3 0 1 0 VME_SEN
N 2885
J 1135 260 1
J 1230 260 2
S 1 2
L 1145 260 12 0 3 0 1 0 RDWORD_TOVME1
N 2873
J 810 80 1
J 850 80 2
S 1 2
L 815 80 14 0 3 0 1 0 VRST
N 2872
J 850 210 2
J 810 210 1
S 2 1
L 815 210 14 0 3 0 1 0 VRST
N 2450
J 850 300 2
J 780 300 1
S 2 1
L 785 300 10 0 3 0 1 0 Q_TOVME32
N 2441
J 810 240 1
J 850 240 2
S 1 2
L 815 240 14 0 3 0 1 0 SCLK
N 2440
J 850 260 2
J 780 260 1
S 2 1
L 785 260 10 0 3 0 1 0 OUT_VME_SHFTEN
N 2746
J 780 130 1
J 850 130 2
S 1 2
L 785 130 10 0 3 0 1 0 OUT_VME_SHFTEN
N 2744
J 780 170 1
J 850 170 2
S 1 2
L 785 170 10 0 3 0 1 0 Q_TOVME16
N 2743
J 850 110 2
J 810 110 1
S 2 1
L 815 110 14 0 3 0 1 0 SCLK
N 2849
J 695 435 2
J 630 435 2
S 2 1
L 635 435 12 0 3 0 1 0 EN_XFER
N 2846
J 550 445 2
J 485 445 1
S 2 1
L 490 445 12 0 3 0 1 0 LLRD_FIFO-1
N 2847
J 550 425 2
J 485 425 1
S 2 1
L 490 425 12 0 3 0 1 0 XFER_DATA
N 2841
J 190 645 1
J 260 645 2
S 1 2
L 195 645 12 0 3 0 1 0 LLRD_FIFO-1
N 2830
J 500 525 8
J 605 525 8
B 1 2
L 495 530 14 0 3 0 1 0 D_6SER[15:0]
N 2828
J 360 485 1
J 380 485 2
S 1 2
L 365 485 10 0 3 0 1 0 CLK80
N 2839
J 90 230 1
J 160 230 2
S 1 2
L 95 230 12 0 3 0 1 0 DTACK_WCMD
N 2837
J 90 275 1
J 160 275 2
S 1 2
L 100 275 10 0 3 0 1 0 RDAT_OP_7
N 2832
J 675 525 8
J 745 525 7
B 1 2
L 650 530 20 0 3 0 1 0 LA0_[15:0]
N 2833
J 605 545 2
J 595 545 3
J 515 555 1
J 595 555 3
S 2 1
S 2 4
S 3 4
L 525 555 14 0 3 0 1 0 LED_SER6
N 2793
J 160 190 2
J 90 190 1
S 2 1
L 95 190 14 0 3 0 1 0 CMD_DONE
N 2794
J 90 210 1
J 160 210 2
S 1 2
L 100 210 12 0 3 0 1 0 END_CMD
N 2800
J 90 400 1
J 160 400 2
S 1 2
L 100 400 14 0 3 0 1 0 DO_DATA
N 2801
J 160 380 2
J 90 380 1
S 2 1
L 100 380 12 0 3 0 1 0 XFER_DATA
N 2802
J 90 360 1
J 160 360 2
S 1 2
L 100 360 12 0 3 0 1 0 EN_MSCLK
N 2803
J 160 465 2
J 90 465 1
S 2 1
L 100 465 10 0 3 0 1 0 IN_VME_DATEN
N 2804
J 160 485 2
J 90 485 1
S 2 1
L 100 485 12 0 3 0 1 0 VME_DATA_CE
N 2821
J 105 505 1
J 160 505 2
S 1 2
L 115 505 14 0 3 0 1 0 VME_SEN
N 2822
J 90 445 1
J 160 445 2
S 1 2
L 100 445 12 0 3 0 1 1 MEM_ACCESS
N 2824
J 160 420 2
J 90 420 1
S 2 1
L 105 420 14 0 3 0 1 1 M_CS
I 2805 virtex2p:BUF 1 160 180 0 1 '
C 2793 1 2 0
C 2823 21 1 0
I 2806 virtex2p:BUF 1 160 200 0 1 '
C 2823 20 1 0
C 2794 2 2 0
I 2807 virtex2p:BUF 1 160 220 0 1 '
C 2839 2 2 0
C 2823 19 1 0
I 2808 virtex2p:BUF 1 160 240 0 1 '
C 2823 18 1 0
C 2850 2 2 0
I 2809 virtex2p:BUF 1 160 265 0 1 '
C 2837 2 2 0
C 2823 17 1 0
I 2810 virtex2p:BUF 1 160 305 0 1 '
C 2835 2 2 0
C 2823 15 1 0
I 2811 virtex2p:BUF 1 160 370 0 1 '
C 2823 12 1 0
C 2801 1 2 0
I 2812 virtex2p:BUF 1 160 390 0 1 '
C 2800 2 2 0
C 2823 11 1 0
I 2813 virtex2p:BUF 1 160 435 0 1 '
C 2822 2 2 0
C 2823 3 1 0
I 2814 virtex2p:BUF 1 160 455 0 1 '
C 2823 4 1 0
C 2803 1 2 0
I 2815 virtex2p:BUF 1 160 475 0 1 '
C 2804 1 2 0
C 2823 5 1 0
I 2816 virtex2p:BUF 1 160 350 0 1 '
C 2802 2 2 0
C 2823 13 1 0
I 2817 virtex2p:BUF 1 160 325 0 1 '
C 2823 14 1 0
C 2836 1 2 0
I 2818 virtex2p:BUF 1 160 285 0 1 '
C 2823 16 1 0
C 2834 2 2 0
I 2819 virtex2p:BUF 1 160 495 0 1 '
C 2823 6 1 0
C 2821 2 2 0
I 2820 virtex2p:BUF 1 160 410 0 1 '
C 2823 34 1 0
C 2824 1 2 0
N 2789
J 1340 745 2
J 1380 745 2
S 1 2
L 1335 745 10 0 3 0 1 0 RD2_RDY
N 2787
J 1195 735 1
J 1260 735 2
S 1 2
L 1200 735 12 0 3 0 1 0 RD32TO_VME
N 2788
J 1260 755 2
J 1195 755 1
S 2 1
L 1200 755 10 0 3 0 1 0 OUT_VME_WC1
N 2784
J 1130 615 1
J 1195 615 2
S 1 2
L 1135 615 10 0 3 0 1 0 OUT_VME_WC2
N 2781
J 1195 595 2
J 1130 595 1
S 2 1
L 1135 595 12 0 3 0 1 0 RD32TO_VME
N 2767
J 1340 795 2
J 1290 795 1
S 2 1
L 1295 795 10 0 3 0 1 0 OUT_VME_WC0
I 2755 virtex2p:AND3 1 1510 725 0 1 '
C 2757 2 3 0
C 2759 2 2 0
C 2761 2 1 0
C 2758 2 7 0
N 2757
J 1460 745 2
J 1510 745 2
S 1 2
L 1465 745 10 0 3 0 1 0 EN_VME2
N 2758
J 1670 765 1
J 1590 765 2
S 2 1
L 1575 765 12 0 3 0 1 0 RDWORD_TOVME2
N 2759
J 1440 765 1
J 1510 765 2
S 1 2
L 1445 765 12 0 3 0 1 0 RD_TO_VME
N 2739
J 1465 950 1
J 1510 950 2
S 1 2
L 1470 950 10 0 3 0 1 0 VME_SEN
N 2740
J 1510 865 2
J 1465 865 1
S 2 1
L 1470 865 10 0 3 0 1 0 VME_SEN
N 2718
J 1510 930 2
J 1470 930 2
S 2 1
L 1455 930 12 0 3 0 1 0 RD_TO_VME
N 2577
J 1440 910 1
J 1510 910 2
S 1 2
L 1445 910 10 0 3 0 1 0 OUT_VME_WC0
N 2724
J 1120 765 2
J 1165 765 1
S 1 2
L 1110 765 12 0 3 0 1 0 DTACK_3
N 2719
J 1510 845 2
J 1440 845 1
S 2 1
L 1445 845 12 0 3 0 1 0 RD_TO_VME
N 2715
J 1325 940 1
J 1390 940 2
S 1 2
L 1330 940 12 0 3 0 1 0 LLRD_FIFO-1
N 2495
J 1565 675 2
J 1580 675 2
S 1 2
I 2674 virtex2p:OR4 1 975 975 0 1 '
C 2420 2 8 0
C 2422 1 1 0
C 2423 1 6 0
C 2424 1 7 0
C 2425 1 5 0
N 2673
J 700 480 2
J 645 480 1
S 2 1
L 650 480 12 0 3 0 1 0 EN_VMERD
N 2666
J 325 710 1
J 400 710 2
S 1 2
L 330 710 14 0 3 0 1 0 CMD_DONE
N 2570
J 945 765 2
J 1000 765 2
S 1 2
L 930 765 12 0 3 0 1 0 OUT_SHFT_DONE
N 2633
J 865 775 2
J 805 775 1
S 2 1
L 810 775 12 0 3 0 1 0 ENDED_CMD
N 2655
J 700 460 2
J 645 460 1
S 2 1
L 650 460 15 0 3 0 1 0 M_SDO
N 2659
J 700 500 2
J 645 500 1
S 2 1
L 650 500 14 0 3 0 1 0 IN_SDO
N 2622
J 1400 655 2
J 1370 655 1
S 2 1
L 1375 655 14 0 3 0 1 0 SCLK
N 2635
J 1325 675 1
J 1400 675 2
S 1 2
L 1330 675 12 0 3 0 1 0 OUT_SHFT_DONE
N 2503
J 1650 675 2
J 1680 675 1
S 1 2
L 1635 675 10 0 3 0 1 1 DTACK
N 2507
J 1520 695 2
J 1580 695 2
S 1 2
L 1505 695 10 0 3 0 1 0 OUT_VME_DATEN
N 2650
J 1475 545 1
J 1510 545 2
S 1 2
L 1485 545 14 0 3 0 1 0 SCLK
N 2549
J 895 805 2
J 845 805 1
S 2 1
L 850 805 12 0 3 0 1 0 CLR_DTACK
N 2519
J 965 745 1
J 1000 745 2
S 1 2
L 970 745 14 0 3 0 1 0 SCLK
N 2619
J 965 805 2
J 1000 805 2
S 1 2
L 950 805 12 0 3 0 1 1 CLR_DTACK
N 2583
J 740 770 7
J 650 770 8
B 2 1
L 645 775 12 0 3 0 1 0 OUT_VME_WC[3:0]
N 2382
J 985 350 8
J 1075 350 8
B 1 2
L 985 355 12 0 3 0 1 0 OUT_CONST[7:0]
N 2420
J 1105 1025 1
J 1055 1025 2
S 2 1
L 1045 1025 14 0 3 0 1 0 IN_SDO
N 2366
J 1230 1035 1
J 1295 1035 2
S 1 2
L 1235 1035 12 0 3 0 1 0 EN_RDSTAT
N 2368
J 1145 405 8
J 1210 405 7
B 1 2
L 1130 410 12 0 3 0 1 0 OUTDATA[7:0]
N 2378
J 1210 350 7
J 1145 350 8
B 2 1
L 1130 355 12 0 3 0 1 0 OUTDATA[15:8]
N 2358
J 850 430 2
J 810 430 1
S 2 1
L 815 430 14 0 3 0 1 0 SCLK
N 2386
J 630 395 1
J 695 395 2
S 1 2
L 635 395 12 0 3 0 1 0 CMD_DONE
N 2557
J 530 730 2
J 495 730 1
S 2 1
L 500 730 14 0 3 0 1 0 SCLK
N 2581
J 510 790 2
J 530 790 2
S 1 2
N 2586
J 455 1055 2
J 405 1055 1
S 2 1
L 410 1055 12 0 3 0 1 0 VME_SEN
N 2585
J 75 920 2
J 25 920 1
S 2 1
L 30 920 12 0 3 0 1 0 VME_SEN
I 2530 virtex2p:NAND3 1 455 860 0 1 '
C 2323 2 7 0
C 2587 2 1 0
C 2327 1 2 0
C 2328 1 3 0
I 2531 virtex2p:NAND3 1 455 995 0 1 '
C 2322 1 7 0
C 2586 1 1 0
C 2318 2 2 0
C 2317 2 3 0
I 2532 virtex2p:NAND3 1 75 995 0 1 '
C 2304 2 7 0
C 2584 2 1 0
C 2297 1 2 0
C 2298 1 3 0
I 2533 virtex2p:NAND3 1 75 860 0 1 '
C 2313 1 7 0
C 2585 1 1 0
C 2309 2 2 0
C 2308 2 3 0
I 2526 virtex2p:FDS_1 1 200 955 0 1 '
C 2301 2 3 0
C 2304 1 1 0
C 2303 1 4 0
C 2539 1 14 0
N 2540
J 155 930 1
J 200 930 2
S 1 2
L 160 930 12 0 3 0 1 0 SHIFT_DONE
N 2539
J 200 1065 2
J 155 1065 1
S 2 1
L 160 1065 12 0 3 0 1 0 SHIFT_DONE
N 2537
J 480 970 2
J 560 970 3
J 580 930 2
J 560 930 3
S 1 2
L 470 970 14 0 3 0 1 0 SHIFT_DONE
S 4 2
S 4 3
N 2323
J 580 900 2
J 535 900 2
S 2 1
L 535 900 18 0 3 0 1 1 RD_3
N 2411
J 770 1020 1
J 815 1020 2
S 1 2
L 780 1020 14 0 3 0 1 1 RD1
N 2407
J 815 1065 2
J 770 1065 1
S 2 1
L 780 1065 14 0 3 0 1 1 RD0
N 2418
J 815 910 2
J 770 910 1
S 2 1
L 780 910 14 0 3 0 1 0 SDO3
N 2415
J 770 930 1
J 815 930 2
S 1 2
L 780 930 14 0 3 0 1 1 RD3
N 2413
J 815 975 2
J 770 975 1
S 2 1
L 780 975 14 0 3 0 1 1 RD2
N 2417
J 770 955 1
J 815 955 2
S 1 2
L 780 955 14 0 3 0 1 0 SDO2
N 2316
J 745 1035 1
J 700 1035 2
S 2 1
L 700 1035 18 0 3 0 1 1 RD2
N 2322
J 535 1035 2
J 580 1035 2
S 1 2
L 535 1035 18 0 3 0 1 1 RD_2
N 2325
J 535 860 1
J 580 860 2
S 1 2
L 545 860 14 0 3 0 1 0 SCLK
N 2329
J 700 900 2
J 745 900 1
S 1 2
L 700 900 18 0 3 0 1 1 RD3
N 2307
J 365 900 1
J 320 900 2
S 2 1
L 320 900 18 0 3 0 1 1 RD1
N 2311
J 200 860 2
J 155 860 1
S 2 1
L 165 860 14 0 3 0 1 0 SCLK
N 2313
J 155 900 2
J 200 900 2
S 1 2
L 155 900 18 0 3 0 1 1 RD_1
N 2304
J 200 1035 2
J 155 1035 2
S 2 1
L 155 1035 18 0 3 0 1 1 RD_0
N 2301
J 155 995 1
J 200 995 2
S 1 2
L 165 995 14 0 3 0 1 0 SCLK
I 111 PAGE 1 0 0 0 1 '
N 2303
J 320 1035 2
J 365 1035 1
S 1 2
L 320 1035 18 0 3 0 1 1 RD0
I 2410 virtex2p:AND2B1 1 815 1040 6 1 '
C 2411 2 19 0
C 2416 2 18 0
C 2423 4 20 0
I 2408 virtex2p:AND2B1 1 815 1085 6 1 '
C 2422 2 20 0
C 2409 2 18 0
C 2407 1 19 0
I 2414 virtex2p:AND2B1 1 815 950 6 1 '
C 2415 2 19 0
C 2418 1 18 0
C 2425 4 20 0
I 2412 virtex2p:AND2B1 1 815 995 6 1 '
C 2424 3 20 0
C 2417 2 18 0
C 2413 1 19 0
N 2416
J 770 1000 1
J 815 1000 2
S 1 2
L 780 1000 14 0 3 0 1 0 SDO1
N 2409
J 770 1045 1
J 815 1045 2
S 1 2
L 780 1045 14 0 3 0 1 0 SDO0
N 2320
J 580 995 2
J 535 995 1
S 2 1
L 545 995 14 0 3 0 1 0 SCLK
N 2321
J 535 1065 1
J 580 1065 2
S 1 2
L 540 1065 12 0 3 0 1 0 SHIFT_DONE
I 2527 virtex2p:FDS_1 1 200 820 0 1 '
C 2311 1 3 0
C 2313 2 1 0
C 2307 2 4 0
C 2540 2 14 0
I 2529 virtex2p:FDS_1 1 580 820 0 1 '
C 2325 2 3 0
C 2323 1 1 0
C 2329 1 4 0
C 2537 3 14 0
I 2528 virtex2p:FDS_1 1 580 955 0 1 '
C 2320 1 3 0
C 2322 2 1 0
C 2316 2 4 0
C 2321 2 14 0
N 2298
J 75 1015 2
J 25 1015 1
S 2 1
L 30 1015 12 0 3 0 1 0 LTOVME
N 2308
J 25 880 1
J 75 880 2
S 1 2
L 30 880 12 0 3 0 1 0 LTOVME
N 2317
J 405 1015 1
J 455 1015 2
S 1 2
L 410 1015 12 0 3 0 1 0 LTOVME
N 2328
J 455 880 2
J 405 880 1
S 2 1
L 410 880 12 0 3 0 1 0 LTOVME
N 2584
J 25 1055 1
J 75 1055 2
S 1 2
L 30 1055 12 0 3 0 1 0 VME_SEN
I 2567 virtex2p:OR3 1 400 930 0 1 '
C 2537 1 5 0
C 2566 2 3 0
C 2536 2 4 0
C 2534 1 2 0
N 2605
J 1665 1045 1
J 1585 1045 2
S 2 1
L 1570 1045 12 0 3 0 1 0 RDSTAT_TOVME
N 2608
J 1230 1055 1
J 1295 1055 2
S 1 2
L 1235 1055 12 0 3 0 1 0 RDSTAT_TOVME
N 2370
J 1415 1045 2
J 1465 1045 2
S 1 2
L 1400 1045 12 0 3 0 1 0 RDSTATTOVME
N 2536
J 335 970 1
J 400 970 2
S 1 2
L 340 970 14 0 3 0 1 0 ENDED_CMD
N 2629
J 1120 805 2
J 1165 805 1
S 1 2
L 1110 805 12 0 3 0 1 0 DTACK_1
I 2355 virtex:BUFE16 1 1075 460 0 1 '
C 2397 1 4 0
C 2466 5 2 0
C 2357 2 1 0
I 2375 virtex2p:BUFE8 1 1075 395 0 1 '
C 2353 1 2 0
C 2374 2 4 0
C 2368 1 1 0
I 2379 virtex2p:BUFE8 1 1075 340 0 1 '
C 2378 2 1 0
C 2380 1 4 0
C 2382 2 2 0
I 2381 8BIT0 1 915 340 0 1 '
C 2382 1 1 0
I 2595 virtex2p:SOP3 1 1295 995 0 1 '
C 2370 1 6 0
C 2608 2 3 0
C 2366 2 4 0
C 2373 1 5 0
N 2648
J 1675 585 1
J 1630 585 2
S 2 1
L 1620 585 12 0 3 0 1 0 CLR_RD
N 2618
J 1465 975 2
J 1420 975 1
S 2 1
L 1425 975 12 0 3 0 1 0 CLR_DTACK
N 2660
J 820 490 2
J 850 490 2
S 1 2
L 805 490 14 0 3 0 1 0 VME_SDO
N 2661
J 775 405 2
J 785 405 3
J 785 450 3
J 850 450 2
S 1 2
S 2 3
S 3 4
L 770 450 12 0 3 0 1 0 OUT_VME_SHFTEN
I 2658 virtex2p:SOP3 1 700 440 0 1 '
C 2660 1 6 0
C 2659 1 3 0
C 2673 1 4 0
C 2655 1 5 0
N 2637
J 1400 695 2
J 1345 695 1
S 2 1
L 1350 695 12 0 3 0 1 1 CLR_DTACK
N 2425
J 975 995 2
J 955 995 3
J 955 920 3
J 895 920 2
S 2 1
S 3 2
S 4 3
L 885 920 14 0 3 0 1 0 SIN_F3
N 2423
J 975 1035 2
J 935 1035 3
J 935 1010 3
J 895 1010 2
S 2 1
S 3 2
S 4 3
L 885 1010 14 0 3 0 1 0 SIN_F1
N 2424
J 975 1015 2
J 945 1015 3
J 895 965 2
J 945 965 3
S 2 1
S 4 2
S 3 4
L 885 965 14 0 3 0 1 0 SIN_F2
N 2422
J 975 1055 2
J 895 1055 2
S 2 1
L 885 1055 14 0 3 0 1 0 SIN_F0
N 2632
J 820 755 1
J 865 755 2
S 1 2
L 825 755 12 0 3 0 1 0 LTOVME
N 2614
J 950 715 1
J 1000 715 2
S 1 2
L 955 715 10 0 3 0 1 0 CLR_VME_RD
N 2604
J 1670 920 1
J 1590 920 2
S 2 1
L 1575 920 12 0 3 0 1 0 RDWORD_TOVME0
N 2397
J 1075 490 2
J 970 490 1
S 2 1
L 980 490 12 0 3 0 1 0 RDWORD_TOVME2
N 2606
J 1590 845 2
J 1670 845 1
S 1 2
L 1575 845 12 0 3 0 1 0 RDWORD_TOVME1
N 2653
J 1355 625 1
J 1400 625 2
S 1 2
L 1360 625 12 0 3 0 1 0 CLR_DTACK
N 2701
J 195 755 2
J 150 755 1
S 2 1
L 155 755 12 0 3 0 1 0 CLR_DTACK
N 2706
J 395 755 2
J 315 755 2
S 2 1
L 330 755 12 0 3 0 1 0 CLR_DTACK+1
N 2671
J 530 700 2
J 480 700 2
S 2 1
L 485 700 10 0 3 0 1 0 CLR_VME_RD
N 2703
J 195 715 2
J 160 715 1
S 2 1
L 165 715 14 0 3 0 1 0 SCLK
N 2578
J 1510 825 2
J 1460 825 2
S 2 1
L 1465 825 10 0 3 0 1 0 EN_VME1
N 2704
J 325 775 1
J 395 775 2
S 1 2
L 330 775 12 0 3 0 1 0 CLR_DTACK
N 2665
J 325 690 1
J 400 690 2
S 1 2
L 330 690 14 0 3 0 1 0 VRST
N 2707
J 475 765 2
J 515 765 3
J 515 750 3
J 530 750 2
S 3 2
S 3 4
S 1 2
L 460 765 12 0 3 0 1 0 OUTVME_WCEN
N 2709
J 160 685 1
J 195 685 2
S 1 2
L 165 685 10 0 3 0 1 0 CLR_VME_RD
N 2587
J 405 920 1
J 455 920 2
S 1 2
L 410 920 12 0 3 0 1 0 VME_SEN
N 2716
J 1325 920 1
J 1390 920 2
S 1 2
L 1330 920 12 0 3 0 1 0 EN_VMERDAT
N 2615
J 1165 785 1
J 1120 785 2
S 2 1
L 1110 785 12 0 3 0 1 0 DTACK_2
N 2599
J 1435 1005 1
J 1465 1005 2
S 1 2
L 1440 1005 14 0 3 0 1 0 SCLK
I 2613 virtex2p:FDC 1 1465 965 0 1 '
C 2599 2 3 0
C 2618 1 6 0
C 2370 2 1 0
C 2605 2 4 0
N 2651
J 1510 515 2
J 1490 515 1
S 2 1
L 1495 515 14 0 3 0 1 0 VRST
N 2566
J 335 990 1
J 400 990 2
S 1 2
L 340 990 10 0 3 0 1 0 VME_ADR_CHANGED
I 2738 virtex2p:AND3 1 1510 805 0 1 '
C 2606 1 7 0
C 2740 1 1 0
C 2719 1 2 0
C 2578 1 3 0
N 2466
J 1005 470 11
J 1075 455 1
J 1005 455 3
J 970 470 8
J 1075 470 8
B 4 1
S 3 1
S 3 2
L 1010 455 10 0 3 0 1 0 Q_TOVME32
B 1 5
L 1010 475 12 0 3 0 1 0 Q_TOVME[47:32]
N 2353
J 1075 405 8
J 1010 405 7
B 2 1
L 1010 410 12 0 3 0 1 0 Q_TOVME[40:47]
I 2548 virtex2p:INV 1 895 795 0 1 '
C 2619 1 1 0
C 2549 1 2 0
I 2542 virtex2p:SR4CE 1 1000 705 0 1 '
C 2619 2 15 0
C 2614 2 14 0
C 2519 2 3 0
C 2629 1 4 0
C 2615 2 10 0
C 2724 1 11 0
X 12 0
C 2570 2 16 0
I 2763 virtex2p:AND4 1 1510 870 0 1 '
C 2712 2 5 0
C 2577 2 4 0
C 2718 1 3 0
C 2739 2 1 0
C 2604 2 6 0
N 2712
J 1440 890 1
J 1510 890 2
S 1 2
L 1445 890 12 0 3 0 1 0 RD34TO_VME
N 2762
J 1340 855 2
J 1270 855 1
S 2 1
L 1275 855 12 0 3 0 1 0 RD34TO_VME
N 2766
J 1290 835 1
J 1340 835 2
S 1 2
L 1295 835 10 0 3 0 1 0 OUT_VME_WC1
I 2765 virtex2p:SOP4 1 1340 775 0 1 '
C 2578 2 6 0
C 2762 1 1 0
C 2766 2 3 0
C 2768 2 4 0
C 2767 1 5 0
N 2667
J 310 730 1
J 400 730 2
S 1 2
L 315 730 10 0 3 0 1 0 VME_ADR_CHANGED
N 2318
J 405 1035 1
J 455 1035 2
S 1 2
L 410 1035 10 0 3 0 1 0 VME_SDEV2
N 2327
J 455 900 2
J 405 900 1
S 2 1
L 410 900 10 0 3 0 1 0 VME_SDEV3
N 2309
J 25 900 1
J 75 900 2
S 1 2
L 30 900 10 0 3 0 1 0 VME_SDEV1
N 2297
J 75 1035 2
J 25 1035 1
S 2 1
L 30 1035 10 0 3 0 1 0 VME_SDEV0
I 2654 virtex2p:FDRE 1 1400 615 0 1 '
C 2653 2 6 0
C 2507 1 4 0
C 2637 1 1 0
C 2635 2 2 0
C 2622 1 3 0
I 2502 virtex2p:BUFE 1 1580 665 0 1 '
C 2507 2 7 0
C 2503 1 8 0
C 2495 2 6 0
I 2649 virtex2p:FDC_1 1 1510 505 0 1 '
C 2648 2 4 0
C 2647 2 1 0
C 2651 1 6 0
C 2650 2 8 0
N 2647
J 1400 585 2
J 1510 585 2
S 1 2
L 1430 585 12 0 3 0 1 0 CLR_RD-1
I 2736 virtex2p:AND2 1 865 735 0 1 '
C 2570 1 20 0
C 2633 1 18 0
C 2632 2 19 0
N 2776
J 1265 585 1
J 1320 585 2
S 1 2
L 1270 585 10 0 3 0 1 0 OUT_VME_WC3
N 2768
J 1270 815 1
J 1340 815 2
S 1 2
L 1275 815 12 0 3 0 1 0 RD32TO_VME
N 2780
J 1275 565 2
J 1320 565 2
S 1 2
L 1270 565 10 0 3 0 1 0 RD1_DONE
N 2778
J 1195 555 2
J 1130 555 1
S 2 1
L 1135 555 12 0 3 0 1 0 RD16TO_VME
N 2779
J 1195 575 2
J 1130 575 1
S 2 1
L 1135 575 12 0 3 0 1 0 DTACK_1
I 2777 virtex2p:AND2 1 1195 535 0 1 '
C 2778 1 19 0
C 2779 1 18 0
C 2780 1 20 0
I 2782 virtex2p:AND2 1 1195 575 0 1 '
C 2785 2 20 0
C 2784 2 18 0
C 2781 1 19 0
N 2785
J 1320 605 2
J 1275 605 2
S 2 1
L 1270 605 10 0 3 0 1 0 RD2_DONE
I 2775 virtex2p:OR3 1 1320 545 0 1 '
C 2647 1 5 0
C 2785 1 3 0
C 2776 2 4 0
C 2780 2 2 0
I 2790 virtex2p:OR3 1 1380 705 0 1 '
C 2756 2 2 0
C 2789 2 4 0
C 2760 2 3 0
C 2757 1 5 0
N 2756
J 1320 725 1
J 1380 725 2
S 1 2
L 1325 725 12 0 3 0 1 0 RD16TO_VME
I 2786 virtex2p:AND2 1 1260 715 0 1 '
C 2787 2 19 0
C 2788 1 18 0
C 2789 1 20 0
N 2760
J 1320 765 1
J 1380 765 2
S 1 2
L 1325 765 10 0 3 0 1 0 OUT_VME_WC2
N 2373
J 1295 1015 2
J 1230 1015 1
S 2 1
L 1235 1015 12 0 3 0 1 0 LTOVME
I 2517 virtex2p:AND4B2 1 695 355 0 1 '
C 2661 1 6 0
C 2849 1 1 0
C 2388 2 3 0
C 2386 2 4 0
C 2791 1 5 0
N 2791
J 695 375 2
J 630 375 1
S 2 1
L 635 375 12 0 3 0 1 0 ENDED_CMD
I 2702 virtex2p:FDC 1 195 675 0 1 '
C 2706 2 4 0
C 2701 1 1 0
C 2709 2 6 0
C 2703 1 3 0
I 2669 virtex2p:OR4B1 1 400 650 0 1 '
C 2667 2 1 0
C 2671 2 8 0
C 2666 2 6 0
C 2665 2 7 0
C 2844 4 5 0
I 2705 virtex2p:AND2B1 1 395 735 0 1 '
C 2707 1 20 0
C 2704 2 18 0
C 2706 1 19 0
I 2580 virtex2p:GND 1 470 810 3 1 '
C 2581 1 4 0
N 2834
J 90 295 1
J 160 295 2
S 1 2
L 100 295 10 0 3 0 1 0 RDAT_OP_5
N 2835
J 90 315 1
J 160 315 2
S 1 2
L 100 315 10 0 3 0 1 0 RDAT_OP_4
N 2836
J 160 335 2
J 90 335 1
S 2 1
L 100 335 10 0 3 0 1 0 RDAT_OP_1
N 2823
J 380 525 8
J 300 525 9
J 230 445 2
J 230 465 2
J 230 485 2
J 230 505 2
J 300 505 11
J 300 485 11
J 300 465 11
J 300 445 11
J 230 400 2
J 230 380 2
J 230 360 2
J 230 335 2
J 230 315 2
J 230 295 2
J 230 275 2
J 230 250 2
J 230 230 2
J 230 210 2
J 230 190 2
J 300 190 9
J 300 210 11
J 300 230 11
J 300 250 11
J 300 275 11
J 300 295 11
J 300 315 11
J 300 335 11
J 300 360 11
J 300 380 11
J 300 400 11
J 300 420 11
J 230 420 2
B 2 1
L 275 530 18 0 3 0 1 0 VME_6SER[15:0]
B 7 2
S 3 10
L 215 445 12 0 3 0 1 0 VME_6SER3
S 4 9
L 215 465 12 0 3 0 1 0 VME_6SER2
S 5 8
L 215 485 12 0 3 0 1 0 VME_6SER1
S 6 7
L 215 505 12 0 3 0 1 0 VME_6SER0
B 8 7
B 9 8
B 10 9
B 33 10
S 11 32
L 215 400 12 0 3 0 1 0 VME_6SER5
S 12 31
L 215 380 12 0 3 0 1 0 VME_6SER6
S 13 30
L 215 360 12 0 3 0 1 0 VME_6SER7
S 14 29
L 215 335 12 0 3 0 1 0 VME_6SER8
S 15 28
L 215 315 12 0 3 0 1 0 VME_6SER9
S 16 27
L 215 295 12 0 3 0 1 0 VME_6SER10
S 17 26
L 215 275 12 0 3 0 1 0 VME_6SER11
S 18 25
L 215 250 12 0 3 0 1 0 VME_6SER12
S 19 24
L 215 230 12 0 3 0 1 0 VME_6SER13
S 20 23
L 215 210 12 0 3 0 1 0 VME_6SER14
S 21 22
L 215 190 12 0 3 0 1 0 VME_6SER15
B 22 23
B 23 24
B 24 25
B 25 26
B 26 27
B 27 28
B 28 29
B 29 30
B 30 31
B 31 32
B 32 33
S 34 33
L 215 420 12 0 3 0 1 0 VME_6SER4
I 2829 FD16 1 380 445 0 1 '
C 2830 1 22 0
C 2823 1 23 0
C 2828 2 2 0
I 2831 virtex:BUFE16 1 605 515 0 1 '
C 2833 1 4 0
C 2830 2 2 0
C 2832 1 1 0
N 2842
J 260 665 2
J 190 665 1
S 2 1
L 195 665 12 0 3 0 1 0 EN_VMERD
N 2844
J 340 655 2
J 355 655 3
J 355 670 3
J 400 670 2
S 1 2
S 2 3
S 3 4
L 330 670 12 0 3 0 1 0 READING_VME
I 2843 virtex2p:OR2 1 260 625 0 1 '
C 2844 1 10 0
C 2842 1 9 0
C 2841 2 7 0
I 2717 virtex2p:OR2 1 1390 900 0 1 '
C 2718 2 10 0
C 2715 2 9 0
C 2716 2 7 0
N 2388
J 630 415 1
J 695 415 2
S 1 2
L 635 415 12 0 3 0 1 0 TOVME
N 2850
J 90 250 1
J 160 250 2
S 1 2
L 100 250 12 0 3 0 1 0 DO_SLD
I 2742 SR16LCE 1 850 70 0 1 '
C 2743 1 3 0
C 2746 2 16 0
C 2873 2 14 0
C 2741 2 18 0
C 2744 2 15 0
I 2348 SR16LCE 1 850 390 0 1 '
C 2660 2 15 0
C 2466 4 18 0
C 2871 2 14 0
C 2661 4 16 0
C 2358 1 3 0
I 2505 virtex2p:GND 1 1525 695 3 1 '
C 2495 1 4 0
I 2582 SR4CE3 1 530 690 0 1 '
C 2583 2 18 0
C 2707 4 16 0
C 2557 1 3 0
C 2671 1 14 0
C 2581 2 15 0
I 2439 SR16LCE 1 850 200 0 1 '
C 2450 1 15 0
C 2488 2 18 0
C 2872 1 14 0
C 2440 1 16 0
C 2441 2 3 0
N 2534
J 400 950 2
J 335 950 1
S 2 1
L 340 950 14 0 3 0 1 0 VRST
N 2871
J 810 400 1
J 850 400 2
S 1 2
L 815 400 14 0 3 0 1 0 VRST
T 935 250 24 0 6 Page 6
Q 14 0 0
T 1149 30 25 0 3 JRG
Q 11 0 0
T 945 1065 24 0 3 MUX-select SIN to VME
Q 13 0 0
T 1645 25 25 0 7 2K
Q 11 0 0
T 695 40 20 0 3 VME Communication Interface
Q 11 0 0
T 696 -2 20 0 3 CMS CSC Electronics
Q 11 0 0
T 695 20 20 0 3 DDU VME Controller Logic
Q 11 0 0
T 1295 35 25 0 3 1
Q 11 0 0
T 1495 30 25 0 3 D785
Q 11 0 0
T 700 660 30 0 3 **Check CLR_RD and LLRD_FIFO-1 timing!!
Q 12 1 0
T 615 740 24 0 6 Page 7
Q 14 0 0
U 1350 0 20 0 9 3 @DATETIME=3-12-2007_15:22
U 1530 0 20 0 9 3 @NAME=VMECNTRL
U 1550 0 20 0 3 3 @SHEET=11
N 2357
J 1210 470 7
J 1145 470 8
B 2 1
L 1130 475 12 0 3 0 1 0 OUTDATA[15:0]
N 2741
J 1075 150 7
J 970 150 8
B 2 1
L 1010 155 12 0 3 0 1 0 Q_TOVME[15:0]
N 2488
J 1005 280 11
J 970 280 8
J 1075 280 7
J 1075 265 1
J 1005 265 3
S 5 1
S 5 4
L 1010 265 10 0 3 0 1 0 Q_TOVME16
B 2 1
B 1 3
L 1010 285 12 0 3 0 1 0 Q_TOVME[31:16]
N 2880
J 1250 185 8
J 1155 185 7
B 2 1
L 1155 190 12 0 3 0 1 0 Q_TOVME[31:16]
N 2882
J 1145 160 1
J 1250 160 2
S 1 2
L 1155 160 12 0 3 0 1 0 RDWORD_TOVME1
I 2848 virtex2p:OR2 1 550 405 0 1 '
C 2847 1 7 0
C 2846 1 9 0
C 2849 2 10 0
N 2881
J 1230 280 2
J 1135 280 1
S 2 1
L 1145 280 12 0 3 0 1 0 RDWORD_TOVME0
I 2874 MUX2_16B 1 1250 130 0 1 '
C 2880 1 59 0
C 2879 2 58 0
C 2889 2 35 0
C 2886 1 28 0
C 2882 2 50 0
I 2884 virtex2p:OR2 1 1230 240 0 1 '
C 2887 3 10 0
C 2881 1 9 0
C 2885 2 7 0
N 2878
J 965 175 1
J 1070 175 1
S 1 2
L 975 175 12 0 3 0 1 0 RDWORD_TOVME0
N 2761
J 1465 785 1
J 1510 785 2
S 1 2
L 1470 785 10 0 3 0 1 0 VME_SEN
N 2877
J 1070 305 1
J 965 305 1
S 2 1
L 975 305 12 0 3 0 1 0 RDWORD_TOVME1
N 2879
J 1155 205 7
J 1250 205 8
B 1 2
L 1155 210 12 0 3 0 1 0 Q_TOVME[15:0]
I 2876 virtex:BUFE16 1 1445 210 0 1 '
C 2887 1 4 0
C 2889 1 2 0
C 2875 2 1 0
N 2887
J 1445 240 2
J 1415 240 3
J 1310 270 2
J 1415 270 3
S 2 4
S 2 1
S 3 4
L 1320 270 12 0 3 0 1 0 SER_TOVME_EN
N 2889
J 1445 220 8
J 1350 220 8
B 2 1
L 1350 225 12 0 3 0 1 0 SER_TOVME[15:0]
N 2380
J 1075 370 2
J 975 370 1
S 2 1
L 980 370 12 0 3 0 1 0 RDSTAT_TOVME
N 2374
J 975 425 1
J 1075 425 2
S 1 2
L 980 425 12 0 3 0 1 0 RDSTAT_TOVME
E
