V 51
K 7468887480 tst1
Y 0
D 0 0 1700 1100
Z 1
i 5092
N 5091
J 630 365 1
J 675 365 2
S 1 2
L 640 365 18 0 3 0 1 0 CLK
N 5092
J 540 335 1
J 675 335 2
S 1 2
L 545 335 14 0 3 0 1 0 FMM_ERROR_DISABLE
I 5087 virtex2p:FDR 1 655 500 0 1 '
C 5089 1 6 0
C 5076 2 4 0
C 4430 2 1 0
C 5088 1 3 0
N 5088
J 655 540 2
J 610 540 1
S 2 1
L 620 540 18 0 3 0 1 0 CLK
N 5089
J 655 510 2
J 520 510 1
S 2 1
L 525 510 14 0 3 0 1 0 FMM_ERROR_DISABLE
N 5085
J 820 770 1
J 865 770 2
S 1 2
L 830 770 18 0 3 0 1 0 CLK
N 5086
J 730 740 1
J 865 740 2
S 1 2
L 735 740 14 0 3 0 1 0 FMM_ERROR_DISABLE
N 5074
J 1100 1030 2
J 1225 1030 1
S 1 2
L 1110 1030 20 0 3 0 1 0 FMM_ERR
N 5062
J 1310 175 2
J 1255 175 2
S 2 1
L 1270 175 10 0 3 0 1 0 F_E_D
N 5041
J 1565 330 2
J 1635 330 1
S 1 2
L 1550 330 10 0 3 0 1 0 FED_RE-DISABLE
N 5042
J 1240 350 1
J 1270 350 2
S 1 2
L 1250 350 10 0 3 0 1 0 F_E_D
N 5043
J 1105 220 2
J 1050 220 1
S 2 1
L 1060 220 10 0 3 0 1 0 FMMREG3
N 5044
J 1100 135 1
J 1135 135 2
S 1 2
L 1110 135 14 0 3 0 1 0 SCLK
N 5045
J 1080 105 1
J 1135 105 2
S 1 2
L 1085 105 14 0 3 0 1 0 SOFT_RST
N 5046
J 1445 310 2
J 1420 310 2
S 2 1
N 5047
J 1270 330 2
J 1195 330 1
S 2 1
L 1205 330 10 0 3 0 1 0 VME_FMM_TEST
N 5048
J 945 195 1
J 970 195 2
S 1 2
L 950 195 10 0 3 0 1 0 F_O_E3
N 5049
J 945 155 1
J 970 155 2
S 1 2
L 950 155 10 0 3 0 1 0 F_E_D1
N 5050
J 945 175 1
J 970 175 2
S 1 2
L 950 175 10 0 3 0 1 0 F_E_D2
N 5051
J 1130 290 2
J 1050 290 1
S 2 1
L 1060 290 10 0 3 0 1 0 FED_RE-DISABLE
N 5052
J 1445 350 2
J 1390 350 2
S 2 1
L 1380 350 10 0 3 0 1 0 FED_AGAIN
N 5053
J 1075 270 1
J 1130 270 2
S 1 2
L 1080 270 14 0 3 0 1 0 SOFT_RST
N 5054
J 1235 310 1
J 1270 310 2
S 1 2
L 1245 310 14 0 3 0 1 0 SCLK
N 5055
J 1445 290 2
J 1410 290 1
S 2 1
L 1420 290 14 0 3 0 1 0 SCLK
N 5056
J 1445 260 2
J 1390 260 1
S 2 1
L 1395 260 14 0 3 0 1 0 SOFT_RST
N 5057
J 1105 240 2
J 1050 240 1
S 2 1
L 1060 240 10 0 3 0 1 0 FED_AGAIN+1
N 5060
J 1135 175 2
J 1105 200 2
J 1095 200 3
J 1095 175 5
J 1050 175 2
S 4 1
S 3 2
S 4 3
S 5 4
L 1045 175 10 0 3 0 1 0 F_E_D-1
N 5063
J 1270 280 2
J 1210 280 2
S 2 1
L 1200 280 10 0 3 0 1 0 CLR_FED_AGAIN
N 4429
J 70 535 1
J 165 535 11
J 70 515 1
J 165 515 11
J 70 495 1
J 165 495 11
J 70 475 1
J 165 475 11
J 70 455 1
J 165 455 11
J 70 435 1
J 165 435 11
J 70 415 1
J 165 415 11
J 70 395 1
J 165 395 11
J 70 375 1
J 165 375 11
J 70 355 1
J 165 355 11
J 70 335 1
J 165 335 11
J 70 315 1
J 165 315 11
J 70 295 1
J 165 295 11
J 70 255 1
J 165 255 11
J 70 275 1
J 165 275 11
J 70 555 1
J 165 555 11
J 165 250 7
J 330 570 8
J 165 570 9
B 35 34
L 225 575 14 0 3 0 1 0 DMB[15:0]STAT2
S 31 32
L 75 555 14 0 3 0 1 0 DMB0STAT2
S 27 28
L 75 255 14 0 3 0 1 0 DMB15STAT2
B 32 35
B 2 32
B 28 30
S 29 30
L 75 275 14 0 3 0 1 0 DMB14STAT2
B 33 28
B 30 26
S 25 26
L 75 295 14 0 3 0 1 0 DMB13STAT2
B 26 24
S 23 24
L 75 315 14 0 3 0 1 0 DMB12STAT2
B 24 22
S 21 22
L 75 335 14 0 3 0 1 0 DMB11STAT2
B 22 20
S 19 20
L 75 355 14 0 3 0 1 0 DMB10STAT2
B 20 18
S 17 18
L 75 375 14 0 3 0 1 0 DMB9STAT2
B 18 16
S 15 16
L 75 395 14 0 3 0 1 0 DMB8STAT2
B 16 14
S 13 14
L 75 415 14 0 3 0 1 0 DMB7STAT2
B 14 12
S 11 12
L 75 435 14 0 3 0 1 0 DMB6STAT2
B 12 10
S 9 10
L 75 455 14 0 3 0 1 0 DMB5STAT2
B 10 8
S 7 8
L 75 475 14 0 3 0 1 0 DMB4STAT2
B 8 6
S 5 6
L 75 495 14 0 3 0 1 0 DMB3STAT2
B 6 4
S 3 4
L 75 515 14 0 3 0 1 0 DMB2STAT2
B 4 2
S 1 2
L 75 535 14 0 3 0 1 0 DMB1STAT2
N 4463
J 280 380 11
J 280 220 11
J 280 240 11
J 280 260 11
J 280 280 11
J 280 300 11
J 280 320 11
J 280 340 11
J 280 360 11
J 280 180 11
J 280 160 11
J 280 140 11
J 280 100 11
J 280 80 11
J 280 120 11
J 280 200 11
J 280 75 7
J 280 395 9
J 330 395 8
J 185 220 1
J 185 240 1
J 185 260 1
J 185 280 1
J 185 300 1
J 185 320 1
J 185 340 1
J 185 360 1
J 185 380 1
J 185 180 1
J 185 160 1
J 185 140 1
J 185 100 1
J 185 80 1
J 185 120 1
J 185 200 1
B 18 19
L 225 400 14 0 3 0 1 0 DMB[15:0]STAT1
B 1 18
B 10 16
S 35 16
L 190 200 14 0 3 0 1 0 DMB9STAT1
B 13 15
S 34 15
L 190 120 14 0 3 0 1 0 DMB13STAT1
B 17 14
S 33 14
L 190 80 14 0 3 0 1 0 DMB15STAT1
B 14 13
S 32 13
L 190 100 14 0 3 0 1 0 DMB14STAT1
B 15 12
S 31 12
L 190 140 14 0 3 0 1 0 DMB12STAT1
B 12 11
S 30 11
L 190 160 14 0 3 0 1 0 DMB11STAT1
B 11 10
S 29 10
L 190 180 14 0 3 0 1 0 DMB10STAT1
S 28 1
L 190 380 14 0 3 0 1 0 DMB0STAT1
B 8 9
S 27 9
L 190 360 14 0 3 0 1 0 DMB1STAT1
B 7 8
S 26 8
L 190 340 14 0 3 0 1 0 DMB2STAT1
B 6 7
S 25 7
L 190 320 14 0 3 0 1 0 DMB3STAT1
B 5 6
S 24 6
L 190 300 14 0 3 0 1 0 DMB4STAT1
B 4 5
S 23 5
L 190 280 14 0 3 0 1 0 DMB5STAT1
B 3 4
S 22 4
L 190 260 14 0 3 0 1 0 DMB6STAT1
B 2 3
S 21 3
L 190 240 14 0 3 0 1 0 DMB7STAT1
B 16 2
S 20 2
L 190 220 14 0 3 0 1 0 DMB8STAT1
B 9 1
N 4618
J 225 415 7
J 330 415 8
B 1 2
L 225 420 14 0 3 0 1 1 DMB[15:0]STAT0
N 4638
J 330 590 8
J 225 590 7
B 2 1
L 225 595 14 0 3 0 1 1 DMB[15:0]STAT0
N 4558
J 630 1040 8
J 525 1040 8
B 2 1
L 525 1045 14 0 3 0 1 1 DMB[15:0]STAT0
N 4554
J 350 1040 7
J 455 1040 8
B 1 2
L 350 1045 14 0 3 0 1 0 DMB[15:0]STAT0
N 4446
J 525 1005 11
J 525 985 11
J 525 965 11
J 525 945 11
J 525 925 11
J 525 905 11
J 525 885 11
J 525 865 11
J 525 845 11
J 525 825 11
J 525 805 11
J 525 785 11
J 525 765 11
J 525 745 11
J 525 725 11
J 525 705 9
J 525 1020 9
J 630 1020 8
J 425 725 1
J 425 745 1
J 425 765 1
J 425 785 1
J 425 805 1
J 425 825 1
J 425 845 1
J 425 865 1
J 425 885 1
J 425 905 1
J 425 925 1
J 425 945 1
J 425 965 1
J 425 985 1
J 425 1005 1
J 425 705 1
B 1 17
B 2 1
B 17 18
L 525 1025 14 0 3 0 1 0 DMB[15:0]STAT3
B 16 15
S 33 1
L 430 1005 14 0 3 0 1 0 DMB0STAT3
S 32 2
L 430 985 14 0 3 0 1 0 DMB1STAT3
S 31 3
L 430 965 14 0 3 0 1 0 DMB2STAT3
S 30 4
L 430 945 14 0 3 0 1 0 DMB3STAT3
S 29 5
L 430 925 14 0 3 0 1 0 DMB4STAT3
S 28 6
L 430 905 14 0 3 0 1 0 DMB5STAT3
S 27 7
L 430 885 14 0 3 0 1 0 DMB6STAT3
S 26 8
L 430 865 14 0 3 0 1 0 DMB7STAT3
S 25 9
L 430 845 14 0 3 0 1 0 DMB8STAT3
S 24 10
L 430 825 14 0 3 0 1 0 DMB9STAT3
S 23 11
L 430 805 14 0 3 0 1 0 DMB10STAT3
S 22 12
L 430 785 14 0 3 0 1 0 DMB11STAT3
S 21 13
L 430 765 14 0 3 0 1 0 DMB12STAT3
S 20 14
L 430 745 14 0 3 0 1 0 DMB13STAT3
S 19 15
L 430 725 14 0 3 0 1 0 DMB14STAT3
B 15 14
B 14 13
B 13 12
B 12 11
B 11 10
B 10 9
B 9 8
B 8 7
B 7 6
B 6 5
B 5 4
B 4 3
B 3 2
S 34 16
L 430 705 14 0 3 0 1 0 DMB15STAT3
I 111 PAGE 1 0 0 0 1 '
I 4617 16AND2 1 330 375 0 1 '
C 4616 1 20 0
C 4463 19 19 0
C 4618 2 18 0
I 4567 OR16_BUS 1 800 1000 0 1 '
C 4565 2 10 0
C 4564 1 9 0
I 4635 16AND2 1 330 550 0 1 '
C 4638 1 18 0
C 4429 34 19 0
C 4639 2 20 0
I 4636 OR16_BUS 1 500 550 0 1 '
C 4430 1 10 0
C 4639 1 9 0
N 4616
J 410 405 8
J 500 405 8
B 1 2
L 400 410 14 0 3 0 1 0 DDU_WARN[15:0]
I 4562 16AND2 1 630 1000 0 1 '
C 4558 1 18 0
C 4446 18 19 0
C 4564 2 20 0
I 4615 OR16_BUS 1 500 375 0 1 '
C 4616 2 9 0
C 4464 2 10 0
I 4498 virtex2p:OR16 1 685 640 0 1 '
C 4480 2 13 0
C 4480 34 12 0
C 4480 27 14 0
C 4480 22 16 0
C 4480 23 17 0
C 4480 24 18 0
C 4480 25 19 0
C 4480 26 20 0
C 4480 33 5 0
C 4480 20 4 0
C 4480 32 3 0
C 4480 31 1 0
C 4480 21 8 0
C 4480 29 9 0
C 4480 28 10 0
C 4773 2 6 0
C 4480 30 7 0
N 4480
J 600 660 9
J 685 660 2
J 600 975 9
J 545 975 7
J 600 960 11
J 600 680 11
J 600 700 11
J 600 740 11
J 600 760 11
J 600 780 11
J 600 820 11
J 600 840 11
J 600 860 11
J 600 940 11
J 600 920 11
J 600 900 11
J 600 880 11
J 600 800 11
J 600 720 11
J 685 720 2
J 685 800 2
J 685 880 2
J 685 900 2
J 685 920 2
J 685 940 2
J 685 960 2
J 685 860 2
J 685 840 2
J 685 820 2
J 685 780 2
J 685 760 2
J 685 740 2
J 685 700 2
J 685 680 2
B 4 3
L 545 980 14 0 3 0 1 0 DMB[15:0]STAT0
B 5 3
B 1 6
S 6 34
L 605 680 14 0 3 0 1 0 DMB14STAT0
S 7 33
L 605 700 14 0 3 0 1 0 DMB13STAT0
S 8 32
L 605 740 14 0 3 0 1 0 DMB11STAT0
S 9 31
L 605 760 14 0 3 0 1 0 DMB10STAT0
S 10 30
L 605 780 14 0 3 0 1 0 DMB9STAT0
S 11 29
L 605 820 14 0 3 0 1 0 DMB7STAT0
S 12 28
L 605 840 14 0 3 0 1 0 DMB6STAT0
S 13 27
L 605 860 14 0 3 0 1 0 DMB5STAT0
S 5 26
L 605 960 14 0 3 0 1 0 DMB0STAT0
S 14 25
L 605 940 14 0 3 0 1 0 DMB1STAT0
S 15 24
L 605 920 14 0 3 0 1 0 DMB2STAT0
S 16 23
L 605 900 14 0 3 0 1 0 DMB3STAT0
S 17 22
L 605 880 14 0 3 0 1 0 DMB4STAT0
S 18 21
L 605 800 14 0 3 0 1 0 DMB8STAT0
S 19 20
L 605 720 14 0 3 0 1 0 DMB12STAT0
B 7 19
B 10 18
B 13 17
B 17 16
B 16 15
B 15 14
B 14 5
B 12 13
B 11 12
B 18 11
B 9 10
B 8 9
B 19 8
B 6 7
S 1 2
L 605 660 14 0 3 0 1 0 DMB15STAT0
N 4564
J 800 1030 8
J 710 1030 8
B 2 1
L 700 1035 14 0 3 0 1 0 DDU_ERR[15:0]
N 4639
J 500 580 8
J 410 580 8
B 2 1
L 400 585 14 0 3 0 1 0 DDU_SYNC[15:0]
I 4555 virtex2p:INV16 1 455 1030 0 1 '
C 4558 2 1 0
C 4554 2 2 0
T 25 1055 24 0 3 use "DMB15" for DDU_Ctrl status
Q 13 0 0
T 360 610 30 0 9 Ready
Q 11 0 0
T 315 160 20 0 3 4
Q 13 0 0
T 315 140 20 0 3 2
Q 13 0 0
T 315 100 20 0 3 5
Q 13 0 0
T 315 120 20 0 3 3
Q 13 0 0
T 315 80 20 0 3 1
Q 13 0 0
T 125 570 30 0 9 Lost Sync
Q 11 0 0
T 170 190 30 0 9 Warn
Q 11 0 0
T 360 435 30 0 9 Ready
Q 11 0 0
T 335 140 24 0 3 0010: Lost Sync, need SyncReset (both BLINK)
Q 14 0 0
T 335 120 24 0 3 0100: BUSY (Yel ON)
Q 14 0 0
T 335 100 24 0 3 1000: Ready  {DDU Ready == !Busy} (Grn ON)
Q 14 0 0
T 335 80 24 0 3 1100: Error, need HardReset (Yel BLINK)
Q 14 0 0
T 1520 30 25 0 3 D785
Q 11 0 0
T 615 20 20 0 3 DDU VME Controller Logic
Q 11 0 0
T 615 40 20 0 3 VME Communication Interface
Q 11 0 0
T 1290 35 25 0 3 1
Q 11 0 0
T 1144 30 25 0 3 JRG
Q 11 0 0
T 616 -2 20 0 3 CMS CSC Electronics
Q 11 0 0
T 1632 1 25 0 3 2F
Q 11 0 0
T 655 1060 30 0 9 Ready
Q 11 0 0
T 420 1060 30 0 9 Busy
Q 11 0 0
T 710 975 30 0 9 Busy
Q 11 0 0
T 410 980 30 0 9 Error
Q 11 0 0
T 335 160 24 0 3 0001: Warning/NearFULL (Grn ON, Yel BLINK)
Q 14 0 0
U 1550 0 20 0 3 3 @SHEET=14
U 1510 0 20 0 9 3 @NAME=VMECNTRL
U 1310 5 20 0 9 3 @DATETIME=1-17-2008_16:45
T 290 180 35 0 3 REAL_FMM 4-bit-decode definitions
Q 14 3 0
I 5071 virtex2p:SR4CE 1 1445 250 0 1 '
C 5052 1 15 0
X 12 0
X 11 0
C 5041 1 10 0
C 5061 2 4 0
C 5056 1 14 0
C 5046 1 16 0
C 5055 1 3 0
I 5070 virtex2p:VCC 1 1420 290 1 1 '
C 5046 2 2 0
I 5069 virtex2p:FDCE 1 1270 270 0 1 '
C 5052 2 4 0
C 5042 2 1 0
C 5063 1 6 0
C 5047 1 2 0
C 5054 2 3 0
I 5072 virtex2p:AND3 1 1105 180 0 1 '
C 5059 3 7 0
C 5057 1 1 0
C 5043 1 2 0
C 5060 2 3 0
I 5067 virtex2p:AND3 1 970 135 0 1 '
C 5049 2 3 0
C 5050 2 2 0
C 5048 2 1 0
C 5060 5 7 0
T 1240 100 20 0 3 FMM Error Disable:  set FED with bit3 high for
Q 11 0 0
T 1150 80 20 0 3 temporary 200ns FMM_Error_Enable during F.E.D. condition
Q 11 0 0
N 5061
J 1635 350 1
J 1565 350 2
S 2 1
L 1555 350 10 0 3 0 1 0 FED_AGAIN+1
N 4430
J 580 580 2
J 655 580 2
S 1 2
L 565 580 20 0 3 0 1 0 FMM_SYNC-1
N 4773
J 865 810 2
J 765 810 2
S 2 1
L 760 810 20 0 3 0 1 0 FMM_BUSY-1
N 4565
J 980 1030 2
J 880 1030 2
S 2 1
L 880 1030 20 0 3 0 1 0 FMM_ERR-1
I 5068 virtex2p:OR2 1 1130 250 0 1 '
C 5053 2 7 0
C 5051 1 9 0
C 5063 2 10 0
I 5065 virtex2p:FDC 1 1135 95 0 1 '
C 5062 2 4 0
C 5060 1 1 0
C 5045 2 6 0
C 5044 2 3 0
I 5083 virtex2p:SOP3B1A 1 1310 215 6 1 '
C 5058 1 6 0
C 5080 1 3 0
C 5062 1 4 0
C 5059 1 5 0
N 5080
J 1310 155 2
J 1250 155 1
S 2 1
L 1255 155 14 0 3 0 1 0 VME_NOT_READY
T 1425 130 30 0 3 "FED"
Q 11 0 0
N 5059
J 1310 195 2
J 1295 195 3
J 1185 220 2
J 1295 220 3
S 2 1
S 3 4
L 1180 220 10 0 3 0 1 0 FMM_ERROR_TEMP_ENABLE
S 2 4
N 5058
J 1430 165 2
J 1570 165 1
S 1 2
L 1420 165 14 0 3 0 1 0 FMM_ERROR_DISABLE
N 5082
J 980 960 2
J 845 960 1
S 2 1
L 850 960 14 0 3 0 1 0 FMM_ERROR_DISABLE
N 5079
J 980 990 2
J 935 990 1
S 2 1
L 945 990 18 0 3 0 1 0 CLK
I 5078 virtex2p:FDR 1 980 950 0 1 '
C 5082 1 6 0
C 5074 1 4 0
C 4565 1 1 0
C 5079 1 3 0
I 5090 virtex2p:FDR 1 675 325 0 1 '
C 5091 2 3 0
C 4464 1 1 0
C 5077 2 4 0
C 5092 2 6 0
N 4464
J 675 405 2
J 580 405 2
S 2 1
L 565 405 20 0 3 0 1 0 FMM_WARN-1
N 5077
J 900 405 1
J 795 405 2
S 2 1
L 785 405 20 0 3 0 1 0 FMM_WARN
N 5076
J 870 580 1
J 775 580 2
S 2 1
L 765 580 20 0 3 0 1 0 FMM_SYNC
I 5084 virtex2p:FDR 1 865 730 0 1 '
C 5085 2 3 0
C 4773 1 1 0
C 5075 1 4 0
C 5086 2 6 0
N 5075
J 985 810 2
J 1090 810 1
S 1 2
L 980 810 20 0 3 0 1 0 FMM_BUSY
T 800 355 40 0 3 Warning ./
Q 13 0 0
T 775 530 40 0 3 Sync Lost ./
Q 13 0 0
T 985 760 40 0 3 BUSY + Error ./
Q 13 0 0
T 1110 980 40 0 3 Ready + Error ./
Q 13 0 0
E
