V 51
K 118209874400 fpga
Y 0
D 0 0 1700 1100
Z 1
i 1166
N 1165
J 1520 645 3
J 1520 695 3
J 1445 695 2
J 1540 645 2
S 1 2
S 1 4
S 3 2
L 1435 695 12 0 3 0 1 0 VME_PAROUT45
N 1163
J 1275 725 1
J 1325 725 2
S 1 2
L 1285 725 10 0 3 0 1 0 VME_DEV6
N 1164
J 1325 705 2
J 1275 705 1
S 2 1
L 1285 705 10 0 3 0 1 0 VME_PEN
N 1161
J 1325 685 2
J 1275 685 1
S 2 1
L 1285 685 10 0 3 0 1 0 VME_DEV5
N 1162
J 1275 665 1
J 1325 665 2
S 1 2
L 1285 665 10 0 3 0 1 0 VME_PEN
N 1157
J 1445 625 8
J 1540 625 8
B 1 2
L 1445 630 14 0 3 0 1 0 BUSYWARN_HIST[15:0]
N 1159
J 1610 625 8
J 1675 625 7
B 1 2
L 1595 630 12 0 3 0 1 0 OUTDATA[15:0]
N 1156
J 1345 565 2
J 1295 565 1
S 2 1
L 1305 565 10 0 3 0 1 0 VME_DEV5
N 1155
J 1295 545 1
J 1345 545 2
S 1 2
L 1305 545 10 0 3 0 1 0 VME_PEN
N 1153
J 1250 610 7
J 1345 610 8
B 1 2
L 1250 615 14 0 3 0 1 0 BUSY_HIST[15:0]
N 1154
J 1345 590 8
J 1250 590 7
B 2 1
L 1250 595 14 0 3 0 1 0 WARN_HIST[15:0]
N 964
J 725 740 8
J 620 740 8
B 2 1
L 615 745 14 0 3 0 1 0 D_DIAGADC[15:0]
N 954
J 480 700 1
J 500 700 2
S 1 2
L 485 700 10 0 3 0 1 0 CLK80
N 968
J 400 740 7
J 500 740 8
B 1 2
L 400 745 18 0 3 0 1 0 DIAGADC[15:0]
N 940
J 730 885 2
J 650 885 2
S 2 1
L 675 885 18 0 3 0 1 0 ADC_DIN
N 1148
J 1035 980 2
J 980 980 1
S 2 1
L 990 980 20 0 3 0 1 0 CLK80
N 1149
J 980 815 1
J 1035 815 2
S 1 2
L 990 815 20 0 3 0 1 0 CLK80
N 1143
J 1035 835 2
J 965 835 1
S 2 1
L 970 835 14 0 3 0 1 0 DDU_READY
I 1135 virtex2p:AND2 1 1180 895 0 1 '
C 1138 2 20 0
C 1136 1 18 0
C 1139 2 19 0
N 1138
J 1345 925 1
J 1260 925 2
S 2 1
L 1250 925 12 0 3 0 1 0 VME_PAROUT6
N 1139
J 1130 915 1
J 1180 915 2
S 1 2
L 1140 915 10 0 3 0 1 0 VME_PEN
N 1095
J 1155 820 7
J 1255 820 9
J 1255 835 9
J 1265 835 8
B 3 4
B 2 3
B 1 2
L 1155 825 14 0 3 0 1 0 DDU_WARN[15:0]
N 1106
J 1345 845 8
J 1440 845 7
B 1 2
L 1330 850 14 0 3 0 1 0 WARN_FB[15:0]
I 1108 16OR2 1 1265 815 0 1 '
C 1109 2 21 0
C 1095 4 9 0
C 1106 1 10 0
N 1109
J 1155 855 8
J 1265 855 8
B 1 2
L 1160 860 14 0 3 0 1 0 WARN_HIST[15:0]
I 1110 virtex2p:FD16CE 1 1035 775 0 1 '
C 1149 2 3 0
C 1143 1 7 0
C 1115 1 8 0
C 1112 1 1 0
C 1109 1 4 0
N 1112
J 1035 855 8
J 945 855 7
B 2 1
L 945 860 14 0 3 0 1 0 WARN_FB[15:0]
N 1115
J 1035 785 2
J 1000 785 1
S 2 1
L 1005 785 18 0 3 0 1 0 RESET
N 1105
J 1000 950 1
J 1035 950 2
S 1 2
L 1005 950 18 0 3 0 1 0 RESET
N 1102
J 945 1020 7
J 1035 1020 8
B 1 2
L 945 1025 14 0 3 0 1 0 BUSY_FB[15:0]
N 1062
J 665 215 1
J 740 215 2
S 1 2
L 670 215 14 0 3 0 1 0 RL_FMM2
N 1063
J 740 235 2
J 665 235 1
S 2 1
L 670 235 14 0 3 0 1 0 RL_FMM3
N 1064
J 860 245 2
J 920 245 2
S 1 2
L 850 245 14 0 3 0 1 0 ERR2FMM
N 1065
J 920 225 2
J 855 225 1
S 2 1
L 860 225 14 0 3 0 1 0 RL_FMM0
N 1066
J 865 360 2
J 790 360 1
S 2 1
L 795 360 14 0 3 0 1 0 RL_FMM3
N 1067
J 790 380 1
J 865 380 2
S 1 2
L 795 380 14 0 3 0 1 0 RL_FMM2
N 1068
J 860 320 2
J 945 320 1
S 1 2
L 845 320 20 0 3 0 1 0 OK2FMM
N 1069
J 740 290 2
J 665 290 1
S 2 1
L 670 290 14 0 3 0 1 0 RL_FMM2
N 1070
J 665 310 1
J 740 310 2
S 1 2
L 670 310 14 0 3 0 1 0 RL_FMM3
N 1071
J 675 480 1
J 750 480 2
S 1 2
L 680 480 14 0 3 0 1 0 RL_FMM1
N 1072
J 675 460 1
J 750 460 2
S 1 2
L 685 460 14 0 3 0 1 0 FMM_SYNC
N 1073
J 750 420 2
J 675 420 1
S 2 1
L 680 420 14 0 3 0 1 0 RL_FMM2
N 1074
J 750 520 2
J 675 520 1
S 2 1
L 685 520 14 0 3 0 1 0 FMM_WARN
N 1075
J 750 540 2
J 675 540 1
S 2 1
L 680 540 14 0 3 0 1 0 RL_FMM0
N 1076
J 830 470 2
J 885 470 3
J 885 510 3
J 905 510 2
S 1 2
L 815 470 14 0 3 0 1 0 SETSYNC3
S 2 3
S 3 4
N 1077
J 750 400 2
J 675 400 1
S 2 1
L 685 400 14 0 3 0 1 0 FMM_BUSY
N 1078
J 830 530 2
J 905 530 2
S 1 2
L 815 530 14 0 3 0 1 0 SETWARN3
N 1079
J 805 550 1
J 905 550 2
S 1 2
L 810 550 14 0 3 0 1 0 VME_NOT_READY
N 1080
J 905 490 2
J 895 490 3
J 830 410 2
J 895 410 3
S 2 1
S 4 2
S 3 4
L 815 410 14 0 3 0 1 0 SETBUSY3
N 1081
J 1050 520 1
J 985 520 2
S 2 1
L 980 520 14 0 3 0 1 0 SETRDY3
N 1082
J 740 330 2
J 665 330 1
S 2 1
L 670 330 14 0 3 0 1 0 RL_FMM0
N 1083
J 945 370 2
J 1040 370 1
S 1 2
L 930 370 20 0 3 0 1 0 BUSY2FMM
N 1084
J 665 255 1
J 740 255 2
S 1 2
L 670 255 14 0 3 0 1 0 RL_FMM1
N 1085
J 1095 235 1
J 1000 235 2
S 2 1
L 985 235 20 0 3 0 1 0 BLINK_YEL
I 1086 virtex2p:OR2 1 750 500 0 1 '
C 1078 1 10 0
C 1075 1 9 0
C 1074 1 7 0
I 1087 virtex2p:NOR4 1 905 470 0 1 '
C 1081 2 8 0
C 1079 2 1 0
C 1078 2 6 0
C 1076 4 7 0
C 1080 1 5 0
I 1088 virtex2p:OR2 1 750 440 0 1 '
C 1072 2 7 0
C 1071 2 9 0
C 1076 1 10 0
I 1090 virtex2p:AND2B1 1 865 340 0 1 '
C 1083 1 20 0
C 1067 2 18 0
C 1066 1 19 0
I 1091 virtex2p:SOP3B1A 1 740 270 0 1 '
C 1082 1 3 0
C 1070 2 4 0
C 1068 1 6 0
C 1069 1 5 0
I 1092 virtex2p:SOP3 1 740 195 0 1 '
C 1064 1 6 0
C 1084 2 3 0
C 1063 1 4 0
C 1062 2 5 0
I 1093 virtex2p:OR2 1 920 205 0 1 '
C 1065 1 7 0
C 1064 2 9 0
C 1085 2 10 0
N 1021
J 1535 180 2
J 1495 180 2
S 2 1
L 1480 180 14 0 3 0 1 0 REALFMM4
N 1022
J 1350 180 2
J 1425 180 2
S 1 2
L 1355 180 14 0 3 0 1 0 YEL_LED
N 1023
J 1425 335 2
J 1350 335 2
S 2 1
L 1355 335 14 0 3 0 1 0 GRN_LED
N 1024
J 1495 335 2
J 1535 335 2
S 1 2
L 1480 335 14 0 3 0 1 0 REALFMM5
N 1017
J 1230 160 2
J 1185 160 1
S 2 1
L 1195 160 18 0 3 0 1 0 CLK
N 1018
J 1230 140 2
J 1185 140 1
S 2 1
L 1195 140 18 0 3 0 1 0 VRST
N 1019
J 1185 180 1
J 1230 180 2
S 1 2
L 1195 180 18 0 3 0 1 0 BCLK
I 1020 FMMLED 1 1230 135 0 1 '
C 1022 1 32 0
C 974 1 28 0
X 29 0
C 972 2 27 0
C 1019 2 24 0
C 1017 1 34 0
C 1018 1 35 0
N 1016
J 1230 335 2
J 1185 335 1
S 2 1
L 1195 335 18 0 3 0 1 0 BCLK
N 1014
J 385 210 2
J 465 210 2
S 1 2
L 390 210 14 0 3 0 1 1 INT_BCLK
N 1007
J 465 90 2
J 440 90 2
S 2 1
I 1008 virtex2p:VCC 1 440 70 1 1 '
C 1007 2 2 0
N 1005
J 440 110 2
J 465 110 2
S 1 2
I 1006 virtex2p:VCC 1 440 90 1 1 '
C 1005 1 2 0
N 1003
J 465 130 2
J 440 130 2
S 2 1
I 1004 virtex2p:VCC 1 440 110 1 1 '
C 1003 2 2 0
N 1001
J 440 150 2
J 465 150 2
S 1 2
I 1002 virtex2p:VCC 1 440 130 1 1 '
C 1001 1 2 0
N 1000
J 240 110 2
J 265 110 2
S 1 2
I 998 virtex2p:VCC 1 240 110 1 1 '
C 999 2 2 0
N 997
J 240 150 2
J 265 150 2
S 1 2
I 989 virtex2p:SRL16E 1 265 70 0 1 '
C 1014 1 7 0
C 1009 2 6 0
C 1013 2 1 0
C 995 1 2 0
C 997 2 3 0
C 999 1 4 0
C 1000 2 5 0
C 990 1 8 0
N 988
J 430 170 1
J 465 170 2
S 1 2
L 440 170 14 0 3 0 1 0 SCLK
N 978
J 1230 370 2
J 1120 370 1
S 2 1
L 1130 370 20 0 3 0 1 0 RL_FMM1
N 979
J 1230 395 2
J 1120 395 1
S 2 1
L 1130 395 20 0 3 0 1 0 OK2FMM
N 933
J 220 865 2
J 170 865 2
S 2 1
L 170 865 15 0 3 0 1 0 ADC_DOUT
N 959
J 795 740 8
J 865 740 7
B 1 2
L 770 745 20 0 3 0 1 0 LA0_[15:0]
N 686
J 580 845 2
J 520 845 2
S 2 1
L 530 845 10 0 3 0 1 1 ADCENA
N 941
J 730 865 2
J 650 865 2
S 2 1
L 675 865 18 0 3 0 1 0 ADC_CLK
N 950
J 290 865 2
J 360 865 2
S 1 2
L 275 865 15 0 3 0 1 0 ADC_DAT
I 111 PAGE 1 0 0 0 1 '
N 901
J 360 945 8
J 265 945 7
B 2 1
L 280 950 10 0 3 0 1 0 COMMAND[9:0]
N 902
J 265 925 1
J 360 925 2
S 1 2
L 280 925 10 0 3 0 1 0 STROBE
N 765
J 520 930 2
J 585 930 1
S 1 2
L 525 930 10 0 3 0 1 1 DTACK
N 685
J 520 865 2
J 580 865 2
S 1 2
L 530 865 10 0 3 0 1 0 ADCCLK
N 903
J 360 885 2
J 265 885 1
S 2 1
L 280 885 10 0 3 0 1 0 SLOWCLK
N 678
J 580 885 2
J 520 885 2
S 2 1
L 530 885 10 0 3 0 1 0 ADCDIN
N 683
J 520 955 8
J 595 955 7
B 1 2
L 520 960 10 0 3 0 1 0 OUTDATA[15:0]
N 898
J 360 905 8
J 265 905 7
B 2 1
L 280 910 10 0 3 0 1 0 INDATA[15:0]
I 934 virtex2p:IBUF 1 220 855 0 1 '
A 260 860 5 0 3 3 IOSTANDARD=LVCMOS33
C 950 1 1 0
C 933 1 2 0
I 945 virtex2p:OBUF 1 580 835 0 1 '
A 620 840 5 0 3 3 IOSTANDARD=LVCMOS33
C 872 5 1 0
C 686 1 2 0
I 952 virtex2p:OBUF 1 580 855 0 1 '
A 620 860 5 0 3 3 IOSTANDARD=LVCMOS33
C 685 2 2 0
C 941 2 1 0
I 951 virtex2p:OBUF 1 580 875 0 1 '
A 620 880 5 0 3 3 IOSTANDARD=LVCMOS33
C 940 2 1 0
C 678 1 2 0
I 922 virtex:PULLUP 1 685 840 3 1 '
C 872 3 1 0
N 872
J 730 845 2
J 665 845 5
J 685 820 2
J 665 820 3
J 650 845 2
S 2 1
L 675 845 18 0 3 0 1 1 ADC_CS
S 4 3
S 5 2
S 4 2
I 946 virtex:OPAD 1 730 835 0 1 '
C 872 1 1 0
I 943 virtex:OPAD 1 730 855 0 1 '
C 941 1 1 0
N 932
J 595 800 7
J 520 800 8
B 2 1
L 520 805 10 0 3 0 1 0 DIAGADC[15:0]
N 966
J 725 760 2
J 715 760 3
J 620 770 1
J 715 770 3
S 2 1
S 2 4
S 3 4
L 630 770 14 0 3 0 1 0 LED_MODE14
N 897
J 360 965 2
J 265 965 1
S 2 1
L 280 965 10 0 3 0 1 0 DEVICE13
I 935 IPAD1PD 1 80 855 0 1 '
C 933 2 1 0
N 906
J 360 805 2
J 310 805 1
S 2 1
L 325 805 10 0 3 0 1 0 VRST
N 981
J 1185 295 1
J 1230 295 2
S 1 2
L 1195 295 18 0 3 0 1 0 VRST
N 999
J 265 130 2
J 240 130 2
S 2 1
I 986 virtex2p:GND 1 200 130 3 1 '
C 1000 1 4 0
I 996 virtex2p:VCC 1 240 130 1 1 '
C 997 1 2 0
I 994 virtex2p:VCC 1 240 150 1 1 '
C 995 2 2 0
N 995
J 265 170 2
J 240 170 2
S 2 1
N 990
J 265 190 2
J 230 190 1
S 2 1
L 240 190 14 0 3 0 1 0 SCLK
I 982 virtex2p:CC16CE 1 80 170 0 1 '
C 1009 1 16 0
X 13 0
C 991 1 14 0
C 993 2 3 0
C 992 2 15 0
X 4 0
N 1009
J 200 210 2
J 265 210 2
S 1 2
L 205 210 14 0 3 0 1 0 BCLK_EN
N 1011
J 635 190 2
J 585 190 2
S 2 1
L 585 190 14 0 3 0 1 0 BCLK
N 1012
J 755 190 1
J 705 190 2
S 2 1
L 705 190 14 0 3 0 1 1 BCLK
I 984 virtex2p:INV 1 635 180 0 1 '
C 1012 2 1 0
C 1011 1 2 0
I 983 virtex2p:SRL16E 1 465 50 0 1 '
C 988 2 8 0
C 1007 1 5 0
C 1005 2 4 0
C 1003 1 3 0
C 1001 2 2 0
C 1014 2 1 0
C 1010 1 6 0
C 1011 2 7 0
N 1010
J 465 190 2
J 400 190 1
S 2 1
L 405 190 14 0 3 0 1 0 BCLK_EN
N 1013
J 225 230 1
J 265 230 2
S 1 2
L 235 230 14 0 3 0 1 1 BCLK
N 980
J 1185 315 1
J 1230 315 2
S 1 2
L 1195 315 18 0 3 0 1 0 CLK
N 993
J 45 210 1
J 80 210 2
S 1 2
L 50 210 14 0 3 0 1 0 SCLK
N 974
J 1230 215 2
J 1135 215 1
S 2 1
L 1140 215 20 0 3 0 1 0 BLINK_YEL
N 972
J 1135 240 1
J 1230 240 2
S 1 2
L 1140 240 20 0 3 0 1 0 BUSY2FMM
I 1026 virtex2p:OBUF 1 1425 325 0 1 '
A 1465 330 5 0 3 3 IOSTANDARD=LVCMOS33
C 1024 1 1 0
C 1023 1 2 0
I 1028 virtex:OPAD 1 1535 325 0 1 '
C 1024 2 1 0
I 1025 virtex2p:OBUF 1 1425 170 0 1 '
A 1465 175 5 0 3 3 IOSTANDARD=LVCMOS33
C 1022 2 2 0
C 1021 2 1 0
I 1027 virtex:OPAD 1 1535 170 0 1 '
C 1021 1 1 0
I 958 virtex:BUFE16 1 725 730 0 1 '
C 966 1 4 0
C 964 1 2 0
C 959 1 1 0
I 977 FMMLED 1 1230 290 0 1 '
C 981 2 35 0
C 980 2 34 0
C 1016 1 24 0
C 979 1 27 0
X 29 0
C 978 1 28 0
C 1023 2 32 0
I 1089 virtex2p:OR2 1 750 380 0 1 '
C 1080 3 10 0
C 1073 1 9 0
C 1077 1 7 0
I 1097 virtex2p:FD16CE 1 1035 940 0 1 '
C 1100 2 4 0
C 1102 2 1 0
C 1105 2 8 0
C 1142 2 7 0
C 1148 1 3 0
I 1098 16OR2 1 1265 980 0 1 '
C 1101 2 10 0
C 1096 4 9 0
C 1100 1 21 0
N 1096
J 1255 985 9
J 1145 985 7
J 1255 1000 9
J 1265 1000 8
B 1 3
B 3 4
B 2 1
L 1145 990 14 0 3 0 1 0 DMB[15:0]STAT0
N 992
J 55 230 2
J 80 230 2
S 1 2
I 985 virtex2p:VCC 1 55 210 1 1 '
C 992 1 2 0
N 991
J 80 180 2
J 45 180 1
S 2 1
L 50 180 18 0 3 0 1 0 VRST
N 1101
J 1440 1010 7
J 1345 1010 8
B 2 1
L 1330 1015 14 0 3 0 1 0 BUSY_FB[15:0]
N 1100
J 1265 1020 8
J 1155 1020 8
B 2 1
L 1160 1025 14 0 3 0 1 0 BUSY_HIST[15:0]
I 1121 virtex2p:AND2 1 1180 730 0 1 '
C 1117 1 19 0
C 1120 2 18 0
C 1118 1 20 0
N 1142
J 965 1000 1
J 1035 1000 2
S 1 2
L 970 1000 14 0 3 0 1 0 DDU_READY
I 938 virtex:OPAD 1 730 875 0 1 '
C 940 1 1 0
I 626 SERADC 1 360 795 0 1 '
C 932 2 229 0
X 226 0
C 686 2 223 0
C 903 1 222 0
C 906 1 169 0
C 898 1 178 0
C 950 2 179 0
C 678 2 221 0
C 685 1 170 0
C 765 1 213 0
C 683 1 214 0
C 902 2 211 0
C 901 1 184 0
C 897 1 139 0
I 963 FD16 1 500 660 0 1 '
C 964 2 22 0
C 968 2 23 0
C 954 2 2 0
T 1170 880 18 0 3 1+15 flags
Q 13 3 0
T 1120 905 30 0 9 BusyHistory
Q 11 0 0
T 440 995 24 0 6 Page 9
Q 14 0 0
T 630 0 20 0 3 CMS CSC Electronics
Q 11 0 0
T 200 1035 20 0 3 The ADC1270/1271 can work at a frequency from 0.1MHz to 2.0MHz
+ 
Q 11 0 0
T 1645 25 25 0 7 2J
Q 11 0 0
T 630 20 20 0 3 DDU VME Controller Logic
Q 11 0 0
T 1300 35 25 0 3 1
Q 11 0 0
T 1500 30 25 0 3 D785
Q 11 0 0
T 30 540 35 0 3 REAL_FMM 4-bit-decode definitions
Q 14 3 0
T 75 520 24 0 3 0001: Warning/NearFULL (Grn ON, Yel BLINK)
Q 14 0 0
T 75 500 24 0 3 0010: Lost Sync, need SyncReset (both BLINK)
Q 14 0 0
T 75 480 24 0 3 0100: BUSY (Yel ON)
Q 14 0 0
T 75 460 24 0 3 1000: Ready  {DDU Ready == !Busy} (Grn ON)
Q 14 0 0
T 75 440 24 0 3 1100: Error, need HardReset (Yel BLINK)
Q 14 0 0
T 1290 425 24 0 6 Page 10
Q 14 0 0
T 1140 30 25 0 3 JRG
Q 11 0 0
T 630 40 20 0 3 Serial ADCs & FMM LED Logic
Q 11 0 0
T 1120 740 30 0 9 WarnHistory
Q 11 0 0
T 175 1060 20 0 3 Serial ADC (12-bit, MAX1270/1271) Interface clock: 1.25MHz (Di
+ vided SLOWCLOCK) is used
Q 11 0 0
T 1170 710 18 0 3 1+15 flags
Q 13 3 0
U 1550 0 20 0 3 3 @SHEET=10
U 1350 0 20 0 9 3 @DATETIME=3-12-2007_15:13
U 1530 0 20 0 9 3 @NAME=VMECNTRL
N 1136
J 1180 935 2
J 1130 935 1
S 2 1
L 1140 935 10 0 3 0 1 0 VME_DEV6
N 1117
J 1180 750 2
J 1130 750 1
S 2 1
L 1140 750 10 0 3 0 1 0 VME_PEN
N 1120
J 1130 770 1
J 1180 770 2
S 1 2
L 1140 770 10 0 3 0 1 0 VME_DEV5
T 1455 790 25 0 9 "vmepara_warnhist"
Q 13 3 0
T 1455 955 25 0 9 "vmepara_busyhist"
Q 13 3 0
I 1158 virtex:BUFE16 1 1540 615 0 1 '
C 1165 4 4 0
C 1157 2 2 0
C 1159 1 1 0
I 1152 MUX2_16B 1 1345 535 0 1 '
C 1154 1 59 0
C 1153 2 58 0
C 1157 1 35 0
C 1155 2 28 0
C 1156 1 50 0
I 1160 virtex2p:SOP4 1 1325 645 0 1 '
C 1165 3 6 0
C 1161 1 4 0
C 1162 2 5 0
C 1163 2 1 0
C 1164 1 3 0
N 1118
J 1260 760 2
J 1345 760 1
S 1 2
L 1250 760 12 0 3 0 1 0 VME_PAROUT5
E
