V 51
K 7468887480 tst1
Y 0
D 0 0 1700 1100
Z 1
i 5442
N 5028
J 775 955 2
J 695 955 1
S 2 1
L 705 955 14 0 3 0 1 0 LED_MODE6
N 5029
J 695 975 1
J 775 975 2
S 1 2
L 705 975 14 0 3 0 1 0 LED_MODE2
N 5027
J 855 965 2
J 950 965 1
S 1 2
L 850 965 14 0 3 0 1 0 LED_VMEACC
N 5238
J 985 585 1
J 1065 585 2
S 1 2
L 995 585 14 0 3 0 1 0 LED_SER5
N 5239
J 1065 605 2
J 985 605 1
S 2 1
L 995 605 14 0 3 0 1 0 LED_SER4
N 5310
J 985 625 1
J 1065 625 2
S 1 2
L 995 625 14 0 3 0 1 0 LED_SER2
N 5430
J 985 645 1
J 1065 645 2
S 1 2
L 995 645 14 0 3 0 1 0 LED_SER0
N 5240
J 1145 615 2
J 1225 615 1
S 1 2
L 1140 615 14 0 3 0 1 0 LED_ISERIAL
N 5436
J 435 405 1
J 505 405 2
S 1 2
L 440 405 14 0 3 0 1 0 CMD_DONE
N 5437
J 505 425 2
J 435 425 1
S 2 1
L 445 425 12 0 3 0 1 0 END_CMD
N 5434
J 505 490 2
J 435 490 1
S 2 1
L 445 490 12 0 3 0 1 0 EN_PROG_OP7
N 5432
J 1130 355 1
J 1180 355 2
S 1 2
L 1135 355 12 0 3 0 1 0 EN_PROG
N 5427
J 1130 335 1
J 1180 335 2
S 1 2
L 1135 335 10 0 3 0 1 0 IN_VME_SHFTEN
N 5426
J 1145 315 1
J 1180 315 2
S 1 2
L 1155 315 14 0 3 0 1 0 SCLK
N 5424
J 1130 420 1
J 1180 420 2
S 1 2
L 1135 420 12 0 3 0 1 0 PROG_PG7
N 5423
J 1180 440 2
J 1130 440 1
S 2 1
L 1135 440 12 0 3 0 1 0 PROG_PG5
N 5422
J 1130 460 1
J 1180 460 2
S 1 2
L 1135 460 12 0 3 0 1 0 PROG_PG4
N 5385
J 1190 500 1
J 1265 500 2
S 1 2
L 1195 500 10 0 3 0 1 0 LED_SER0
I 5387 virtex:BUFE4 1 1265 410 0 1 '
C 5403 2 25 0
C 5404 2 24 0
C 5385 2 4 0
C 5400 1 2 0
C 5406 1 1 0
C 5401 1 21 0
C 5405 1 20 0
C 5402 1 23 0
C 5407 1 22 0
I 5388 virtex:BUFE4 1 1265 305 0 1 '
C 5409 1 22 0
C 5410 1 23 0
C 5412 1 20 0
C 5398 2 21 0
C 5411 2 1 0
C 5397 2 2 0
C 5384 1 4 0
C 5408 2 24 0
C 5399 1 25 0
I 5389 virtex:INV 1 1180 365 0 1 '
C 5441 1 2 0
C 5399 2 1 0
I 5390 virtex:INV 1 1180 345 0 1 '
C 5410 2 1 0
C 5432 2 2 0
I 5391 virtex:INV 1 1180 450 0 1 '
C 5402 2 1 0
C 5422 2 2 0
I 5392 virtex:INV 1 1180 410 0 1 '
C 5400 2 1 0
C 5424 2 2 0
I 5393 virtex:INV 1 1180 430 0 1 '
C 5423 1 2 0
C 5401 2 1 0
I 5394 virtex:INV 1 1180 305 0 1 '
C 5426 2 2 0
C 5397 1 1 0
I 5395 virtex:INV 1 1180 325 0 1 '
C 5398 1 1 0
C 5427 2 2 0
I 5396 virtex:INV 1 1180 470 0 1 '
C 5420 1 2 0
C 5403 1 1 0
N 5397
J 1250 315 2
J 1265 315 2
S 1 2
L 1250 315 10 0 3 0 1 0 LS07
N 5398
J 1250 335 2
J 1265 335 2
S 1 2
L 1250 335 10 0 3 0 1 0 LS06
N 5399
J 1265 375 2
J 1250 375 2
S 2 1
L 1250 375 10 0 3 0 1 0 LS04
N 5400
J 1265 420 2
J 1250 420 2
S 2 1
L 1250 420 10 0 3 0 1 0 LS03
N 5401
J 1265 440 2
J 1250 440 2
S 2 1
L 1250 440 10 0 3 0 1 0 LS02
N 5402
J 1265 460 2
J 1250 460 2
S 2 1
L 1250 460 10 0 3 0 1 0 LS01
N 5403
J 1250 480 2
J 1265 480 2
S 1 2
L 1250 480 10 0 3 0 1 0 LS00
N 5404
J 1370 480 1
J 1335 480 2
S 2 1
L 1320 480 18 0 3 0 1 1 LED0
N 5405
J 1335 440 2
J 1370 440 1
S 1 2
L 1320 440 18 0 3 0 1 1 LED2
N 5406
J 1335 420 2
J 1370 420 1
S 1 2
L 1320 420 18 0 3 0 1 1 LED3
N 5407
J 1335 460 2
J 1370 460 1
S 1 2
L 1320 460 18 0 3 0 1 1 LED1
N 5408
J 1370 375 1
J 1335 375 2
S 2 1
L 1320 375 18 0 3 0 1 1 LED4
N 5409
J 1335 355 2
J 1370 355 1
S 1 2
L 1320 355 18 0 3 0 1 1 LED5
N 5410
J 1265 355 2
J 1250 355 2
S 2 1
L 1250 355 10 0 3 0 1 0 LS05
N 5411
J 1370 315 1
J 1335 315 2
S 2 1
L 1320 315 18 0 3 0 1 1 LED7
N 5412
J 1335 335 2
J 1370 335 1
S 1 2
L 1320 335 18 0 3 0 1 1 LED6
N 5379
J 1235 180 2
J 1185 180 1
S 2 1
L 1190 180 12 0 3 0 1 0 XFER_DATA
N 5378
J 700 115 2
J 645 115 1
S 2 1
L 655 115 10 0 3 0 1 0 VME_SEN
N 5264
J 645 135 1
J 700 135 2
S 1 2
L 650 135 12 0 3 0 1 0 DTACK_1
N 5376
J 645 95 1
J 700 95 2
S 1 2
L 650 95 12 0 3 0 1 0 DO_RDAT
N 5374
J 940 75 1
J 975 75 2
S 1 2
L 950 75 14 0 3 0 1 0 SCLK
N 5370
J 490 230 2
J 405 230 1
S 2 1
L 415 230 12 0 3 0 1 0 EN_RDAT_OP1
N 5365
J 435 530 1
J 505 530 2
S 1 2
L 445 530 12 0 3 0 1 0 EN_PROG_OP4
N 5364
J 505 550 2
J 435 550 1
S 2 1
L 445 550 12 0 3 0 1 0 EN_PROG_OP1
N 5361
J 490 100 2
J 405 100 1
S 2 1
L 410 100 12 0 3 0 1 0 RDWORD_TOVME2
N 5362
J 405 120 1
J 490 120 2
S 1 2
L 410 120 12 0 3 0 1 0 RDWORD_TOVME1
N 5363
J 490 140 2
J 405 140 1
S 2 1
L 410 140 12 0 3 0 1 0 RDWORD_TOVME0
N 5176
J 1130 240 2
J 1165 240 1
S 1 2
L 1115 240 18 0 3 0 1 1 LED0
N 5349
J 1185 135 1
J 1235 135 2
S 1 2
L 1190 135 10 0 3 0 1 0 VME_SDEV4
N 5311
J 1320 260 2
J 1245 260 1
S 2 1
L 1250 260 10 0 3 0 1 0 LED_SER2
N 5315
J 1245 155 1
J 1320 155 2
S 1 2
L 1250 155 10 0 3 0 1 0 LED_SER2
I 5319 virtex:BUFE4 1 1320 170 0 1 '
C 5335 2 22 0
C 5340 2 23 0
C 5337 2 20 0
C 5341 2 21 0
C 5336 2 1 0
C 5342 2 2 0
C 5311 1 4 0
C 5338 1 24 0
C 5339 2 25 0
I 5321 virtex:BUFE4 1 1320 65 0 1 '
C 5343 2 25 0
C 5334 1 24 0
C 5315 2 4 0
C 5345 2 2 0
C 5331 1 1 0
C 5344 2 21 0
C 5330 2 20 0
C 5332 2 23 0
C 5333 2 22 0
I 5325 virtex:INV 1 1235 190 0 1 '
C 5341 1 1 0
C 5353 2 2 0
I 5326 virtex:INV 1 1235 170 0 1 '
C 5379 1 2 0
C 5342 1 1 0
I 5327 virtex:INV 1 1235 210 0 1 '
C 5425 2 2 0
C 5340 1 1 0
I 5328 virtex:INV 1 1235 105 0 1 '
C 5352 1 2 0
C 5332 1 1 0
I 5329 virtex:INV 1 1235 125 0 1 '
C 5343 1 1 0
C 5349 2 2 0
N 5330
J 1425 95 1
J 1390 95 2
S 2 1
L 1375 95 18 0 3 0 1 1 LED6
N 5331
J 1390 75 2
J 1425 75 1
S 1 2
L 1375 75 18 0 3 0 1 1 LED7
N 5332
J 1305 115 2
J 1320 115 2
S 1 2
L 1305 115 10 0 3 0 1 0 LS25
N 5333
J 1425 115 1
J 1390 115 2
S 2 1
L 1375 115 18 0 3 0 1 1 LED5
N 5334
J 1390 135 2
J 1425 135 1
S 1 2
L 1375 135 18 0 3 0 1 1 LED4
N 5335
J 1425 220 1
J 1390 220 2
S 2 1
L 1375 220 18 0 3 0 1 1 LED1
N 5336
J 1425 180 1
J 1390 180 2
S 2 1
L 1375 180 18 0 3 0 1 1 LED3
N 5337
J 1425 200 1
J 1390 200 2
S 2 1
L 1375 200 18 0 3 0 1 1 LED2
N 5338
J 1390 240 2
J 1425 240 1
S 1 2
L 1375 240 18 0 3 0 1 1 LED0
N 5339
J 1305 240 2
J 1320 240 2
S 1 2
L 1305 240 10 0 3 0 1 0 LS20
N 5340
J 1305 220 2
J 1320 220 2
S 1 2
L 1305 220 10 0 3 0 1 0 LS21
N 5341
J 1305 200 2
J 1320 200 2
S 1 2
L 1305 200 10 0 3 0 1 0 LS22
N 5342
J 1305 180 2
J 1320 180 2
S 1 2
L 1305 180 10 0 3 0 1 0 LS23
N 5343
J 1305 135 2
J 1320 135 2
S 1 2
L 1305 135 10 0 3 0 1 0 LS24
N 5344
J 1305 95 2
J 1320 95 2
S 1 2
L 1305 95 10 0 3 0 1 0 LS26
N 5345
J 1305 75 2
J 1320 75 2
S 1 2
L 1305 75 10 0 3 0 1 0 LS27
N 5023
J 1065 515 2
J 985 515 1
S 2 1
L 995 515 14 0 3 0 1 0 LED_SER7
N 5022
J 985 535 1
J 1065 535 2
S 1 2
L 995 535 14 0 3 0 1 0 LED_SER3
N 5025
J 1225 535 1
J 1145 535 2
S 2 1
L 1140 535 14 0 3 0 1 0 LED_OSERIAL
N 5305
J 420 305 1
J 490 305 2
S 1 2
L 430 305 12 0 3 0 1 0 CSS_MET
N 5306
J 490 285 2
J 420 285 1
S 2 1
L 430 285 12 0 3 0 1 0 CSH_MET
N 5303
J 1490 95 2
J 1445 95 1
S 2 1
L 1450 95 12 0 3 0 1 0 CLR_RD
N 5103
J 475 360 8
J 405 360 7
B 2 1
L 390 365 14 0 3 0 1 0 OUT_VME_WC[3:0]
N 5235
J 685 335 1
J 705 335 2
S 1 2
L 690 335 10 0 3 0 1 0 CLK80
N 5230
J 840 405 1
J 930 395 2
J 920 395 3
J 920 405 3
S 1 4
L 850 405 14 0 3 0 1 0 LED_OSERIAL
S 3 2
S 3 4
N 5231
J 1000 375 8
J 1070 375 7
B 1 2
L 975 380 20 0 3 0 1 0 LA0_[15:0]
N 4710
J 345 760 2
J 335 760 3
J 335 770 3
J 255 770 1
S 4 3
L 265 770 14 0 3 0 1 0 LED_MODE11
S 2 3
S 2 1
N 4880
J 345 940 8
J 240 940 8
B 2 1
L 235 945 14 0 3 0 1 0 D_DDU_WARN[15:0]
N 4879
J 345 840 8
J 240 840 8
B 2 1
L 235 845 14 0 3 0 1 0 D_DDU_SYNC[15:0]
N 4878
J 240 740 8
J 345 740 8
B 1 2
L 235 745 14 0 3 0 1 0 D_DDU_ERR[15:0]
N 4881
J 240 1040 8
J 345 1040 8
B 1 2
L 235 1045 14 0 3 0 1 0 D_DDU_BUSY[15:0]
N 4701
J 255 1070 1
J 335 1070 3
J 335 1060 3
J 345 1060 2
S 1 2
L 265 1070 14 0 3 0 1 0 LED_MODE10
S 3 4
S 3 2
N 4704
J 345 960 2
J 335 960 3
J 335 970 3
J 255 970 1
S 4 3
L 265 970 14 0 3 0 1 0 LED_MODE10
S 2 3
S 2 1
N 4707
J 255 870 1
J 335 870 3
J 335 860 3
J 345 860 2
S 3 4
S 3 2
S 1 2
L 265 870 14 0 3 0 1 0 LED_MODE11
N 4709
J 485 740 7
J 415 740 8
B 2 1
L 390 745 20 0 3 0 1 0 LA1_[15:0]
N 4706
J 415 840 8
J 485 840 7
B 1 2
L 390 845 20 0 3 0 1 0 LA0_[15:0]
N 4703
J 485 940 7
J 415 940 8
B 2 1
L 390 945 20 0 3 0 1 0 LA1_[15:0]
N 4700
J 415 1040 8
J 485 1040 7
B 1 2
L 390 1045 20 0 3 0 1 0 LA0_[15:0]
N 4873
J 20 1040 7
J 120 1040 8
B 1 2
L 20 1045 14 0 3 0 1 0 DMB[15:0]STAT0
N 5031
J 120 1000 2
J 100 1000 1
S 2 1
L 105 1000 10 0 3 0 1 0 CLK80
N 5032
J 100 900 1
J 120 900 2
S 1 2
L 105 900 10 0 3 0 1 0 CLK80
N 4872
J 20 940 7
J 120 940 8
B 1 2
L 20 945 14 0 3 0 1 0 DDU_WARN[15:0]
N 4871
J 20 840 7
J 120 840 8
B 1 2
L 20 845 14 0 3 0 1 0 DDU_SYNC[15:0]
N 5033
J 120 800 2
J 100 800 1
S 2 1
L 105 800 10 0 3 0 1 0 CLK80
N 5266
J 770 75 2
J 785 75 2
S 1 2
L 770 75 10 0 3 0 1 0 LS17
N 5267
J 770 95 2
J 785 95 2
S 1 2
L 770 95 10 0 3 0 1 0 LS16
N 5268
J 785 135 2
J 770 135 2
S 2 1
L 770 135 10 0 3 0 1 0 LS14
N 5269
J 785 180 2
J 770 180 2
S 2 1
L 770 180 10 0 3 0 1 0 LS13
N 5270
J 785 200 2
J 770 200 2
S 2 1
L 770 200 10 0 3 0 1 0 LS12
N 5271
J 785 220 2
J 770 220 2
S 2 1
L 770 220 10 0 3 0 1 0 LS11
N 5272
J 770 240 2
J 785 240 2
S 1 2
L 770 240 10 0 3 0 1 0 LS10
N 5273
J 890 240 1
J 855 240 2
S 2 1
L 840 240 18 0 3 0 1 1 LED0
N 5274
J 855 200 2
J 890 200 1
S 1 2
L 840 200 18 0 3 0 1 1 LED2
N 5275
J 855 180 2
J 890 180 1
S 1 2
L 840 180 18 0 3 0 1 1 LED3
N 5276
J 855 220 2
J 890 220 1
S 1 2
L 840 220 18 0 3 0 1 1 LED1
N 5277
J 890 135 1
J 855 135 2
S 2 1
L 840 135 18 0 3 0 1 1 LED4
N 5278
J 855 115 2
J 890 115 1
S 1 2
L 840 115 18 0 3 0 1 1 LED5
N 5279
J 785 115 2
J 770 115 2
S 2 1
L 770 115 10 0 3 0 1 0 LS15
N 5280
J 890 75 1
J 855 75 2
S 2 1
L 840 75 18 0 3 0 1 1 LED7
N 5281
J 855 95 2
J 890 95 1
S 1 2
L 840 95 18 0 3 0 1 1 LED6
I 5282 virtex:INV 1 700 125 0 1 '
C 5264 2 2 0
C 5268 2 1 0
I 5283 virtex:INV 1 700 105 0 1 '
C 5279 2 1 0
C 5378 1 2 0
I 5284 virtex:INV 1 700 210 0 1 '
C 5271 2 1 0
C 5300 2 2 0
I 5285 virtex:INV 1 700 170 0 1 '
C 5269 2 1 0
C 5302 1 2 0
I 5286 virtex:INV 1 700 190 0 1 '
C 5383 1 2 0
C 5270 2 1 0
I 5287 virtex:INV 1 700 65 0 1 '
C 5265 1 2 0
C 5266 1 1 0
I 5288 virtex:INV 1 700 85 0 1 '
C 5267 1 1 0
C 5376 2 2 0
I 5289 virtex:INV 1 700 230 0 1 '
C 5294 2 2 0
C 5272 1 1 0
I 5290 virtex:BUFE4 1 785 65 0 1 '
C 5278 1 22 0
C 5279 1 23 0
C 5281 1 20 0
C 5267 2 21 0
C 5280 2 1 0
C 5266 2 2 0
C 5293 1 4 0
C 5277 2 24 0
C 5268 1 25 0
I 5291 virtex:BUFE4 1 785 170 0 1 '
C 5272 2 25 0
C 5273 2 24 0
C 5292 2 4 0
C 5269 1 2 0
C 5275 1 1 0
C 5270 1 21 0
C 5274 1 20 0
C 5271 1 23 0
C 5276 1 22 0
N 5292
J 710 260 1
J 785 260 2
S 1 2
L 715 260 10 0 3 0 1 0 LED_SER1
N 5293
J 785 155 2
J 710 155 1
S 2 1
L 715 155 10 0 3 0 1 0 LED_SER1
N 4838
J 1130 760 1
J 1210 760 3
J 1220 750 2
J 1210 750 3
S 1 2
L 1140 760 14 0 3 0 1 0 LEDSER
S 4 2
S 4 3
I 5199 virtex2p:BUF 1 490 315 0 1 '
C 5304 1 2 0
C 5213 18 1 0
I 5200 virtex2p:BUF 1 490 180 0 1 '
C 5372 1 2 0
C 5213 19 1 0
I 5201 virtex2p:BUF 1 490 220 0 1 '
C 5370 1 2 0
C 5213 20 1 0
I 5202 virtex2p:BUF 1 490 255 0 1 '
C 5213 21 1 0
C 5308 1 2 0
I 5203 virtex2p:BUF 1 490 295 0 1 '
C 5213 22 1 0
C 5305 2 2 0
I 5204 virtex2p:BUF 1 490 275 0 1 '
C 5306 1 2 0
C 5213 23 1 0
I 5205 virtex2p:BUF 1 490 200 0 1 '
C 5213 24 1 0
C 5371 2 2 0
I 5206 virtex2p:BUF 1 490 160 0 1 '
C 5213 25 1 0
C 5440 1 2 0
I 5207 virtex2p:BUF 1 490 130 0 1 '
C 5363 1 2 0
C 5213 26 1 0
I 5208 virtex2p:BUF 1 490 110 0 1 '
C 5213 27 1 0
C 5362 2 2 0
I 5209 virtex2p:BUF 1 490 90 0 1 '
C 5361 1 2 0
C 5213 28 1 0
I 5210 virtex2p:BUF 1 490 70 0 1 '
C 5213 17 1 0
C 5439 2 2 0
N 5190
J 910 220 1
J 975 220 2
S 1 2
L 915 220 10 0 3 0 1 0 OUT_SHFT_DONE
N 5189
J 910 240 1
J 975 240 2
S 1 2
L 915 240 10 0 3 0 1 0 OUT_VME_SHFTEN
N 5148
J 985 155 1
J 1060 155 2
S 1 2
L 990 155 10 0 3 0 1 0 LED_SER7
I 5156 virtex:BUFE4 1 1060 170 0 1 '
C 5173 2 22 0
C 5178 2 23 0
C 5175 2 20 0
C 5179 2 21 0
C 5174 2 1 0
C 5180 2 2 0
C 5149 1 4 0
C 5176 1 24 0
C 5177 1 25 0
I 5159 virtex:BUFE4 1 1060 65 0 1 '
C 5181 2 25 0
C 5172 1 24 0
C 5148 2 4 0
C 5183 1 2 0
C 5169 1 1 0
C 5182 1 21 0
C 5168 2 20 0
C 5170 2 23 0
C 5171 2 22 0
I 5160 virtex:INV 1 975 230 0 1 '
C 5177 2 1 0
C 5189 2 2 0
I 5161 virtex:INV 1 975 85 0 1 '
C 5258 1 2 0
C 5182 2 1 0
I 5162 virtex:INV 1 975 65 0 1 '
C 5183 2 1 0
C 5374 2 2 0
I 5163 virtex:INV 1 975 190 0 1 '
C 5179 1 1 0
C 5185 2 2 0
I 5164 virtex:INV 1 975 170 0 1 '
C 5188 2 2 0
C 5180 1 1 0
I 5165 virtex:INV 1 975 210 0 1 '
C 5190 2 2 0
C 5178 1 1 0
I 5166 virtex:INV 1 975 105 0 1 '
C 5375 1 2 0
C 5170 1 1 0
I 5167 virtex:INV 1 975 125 0 1 '
C 5181 1 1 0
C 5257 2 2 0
N 5168
J 1165 95 1
J 1130 95 2
S 2 1
L 1115 95 18 0 3 0 1 1 LED6
N 5169
J 1130 75 2
J 1165 75 1
S 1 2
L 1115 75 18 0 3 0 1 1 LED7
N 5170
J 1045 115 2
J 1060 115 2
S 1 2
L 1045 115 10 0 3 0 1 0 LS75
N 5171
J 1165 115 1
J 1130 115 2
S 2 1
L 1115 115 18 0 3 0 1 1 LED5
N 5172
J 1130 135 2
J 1165 135 1
S 1 2
L 1115 135 18 0 3 0 1 1 LED4
N 5173
J 1165 220 1
J 1130 220 2
S 2 1
L 1115 220 18 0 3 0 1 1 LED1
N 5174
J 1165 180 1
J 1130 180 2
S 2 1
L 1115 180 18 0 3 0 1 1 LED3
N 5175
J 1165 200 1
J 1130 200 2
S 2 1
L 1115 200 18 0 3 0 1 1 LED2
N 5177
J 1060 240 2
J 1045 240 2
S 2 1
L 1045 240 10 0 3 0 1 0 LS70
N 5178
J 1045 220 2
J 1060 220 2
S 1 2
L 1045 220 10 0 3 0 1 0 LS71
N 5179
J 1045 200 2
J 1060 200 2
S 1 2
L 1045 200 10 0 3 0 1 0 LS72
N 5180
J 1045 180 2
J 1060 180 2
S 1 2
L 1045 180 10 0 3 0 1 0 LS73
N 5181
J 1045 135 2
J 1060 135 2
S 1 2
L 1045 135 10 0 3 0 1 0 LS74
N 5182
J 1060 95 2
J 1045 95 2
S 2 1
L 1045 95 10 0 3 0 1 0 LS76
N 5183
J 1060 75 2
J 1045 75 2
S 2 1
L 1045 75 10 0 3 0 1 0 LS77
N 5138
J 1460 950 1
J 1575 950 2
S 1 2
L 1470 950 10 0 3 0 1 0 LED_VMETYPE
N 5131
J 290 290 2
J 365 290 1
S 1 2
L 280 290 14 0 3 0 1 0 LED_SER6
N 5132
J 365 270 1
J 290 270 2
S 2 1
L 280 270 14 0 3 0 1 0 LED_SER7
N 5129
J 365 330 1
J 290 330 2
S 2 1
L 280 330 14 0 3 0 1 0 LED_SER4
N 5130
J 290 310 2
J 365 310 1
S 1 2
L 280 310 14 0 3 0 1 0 LED_SER5
N 5127
J 290 370 2
J 365 370 1
S 1 2
L 280 370 14 0 3 0 1 0 LED_SER2
N 5128
J 365 350 1
J 290 350 2
S 2 1
L 280 350 14 0 3 0 1 0 LED_SER3
N 5117
J 290 390 2
J 365 390 1
S 1 2
L 280 390 14 0 3 0 1 0 LED_SER1
N 5118
J 365 410 1
J 290 410 2
S 2 1
L 280 410 14 0 3 0 1 0 LED_SER0
N 5119
J 170 300 1
J 170 315 1
J 170 330 1
J 170 350 2
J 170 370 2
J 170 390 2
J 170 410 2
J 130 410 9
J 130 390 11
J 130 370 11
J 130 350 11
J 55 340 7
J 130 340 11
J 130 330 11
J 130 315 11
J 130 300 11
J 130 285 9
J 170 285 1
S 16 1
L 135 300 10 0 3 0 1 0 MODE6
S 15 2
L 135 315 10 0 3 0 1 0 MODE5
S 14 3
L 135 330 10 0 3 0 1 0 MODE4
S 11 4
L 135 350 10 0 3 0 1 0 MODE3
S 10 5
L 135 370 10 0 3 0 1 0 MODE2
S 9 6
L 135 390 10 0 3 0 1 0 MODE1
S 8 7
L 135 410 10 0 3 0 1 0 MODE0
B 9 8
B 10 9
B 11 10
B 13 11
B 12 13
L 60 345 14 0 3 0 1 0 MODE[7:0]
B 14 13
B 15 14
B 16 15
B 17 16
S 17 18
L 135 285 10 0 3 0 1 0 MODE7
N 5123
J 25 130 1
J 65 130 2
S 1 2
L 30 130 10 0 3 0 1 0 MODE4
N 5124
J 65 110 2
J 25 110 1
S 2 1
L 30 110 10 0 3 0 1 0 MODE5
N 5125
J 25 90 1
J 65 90 2
S 1 2
L 30 90 10 0 3 0 1 0 MODE7
N 5097
J 505 615 2
J 435 615 1
S 2 1
L 445 615 14 0 3 0 1 0 DO_DATA
N 5098
J 435 595 1
J 505 595 2
S 1 2
L 445 595 12 0 3 0 1 0 XFER_DATA
N 5100
J 505 575 2
J 435 575 1
S 2 1
L 445 575 12 0 3 0 1 0 EN_MSCLK
N 5072
J 435 680 1
J 505 680 2
S 1 2
L 445 680 10 0 3 0 1 0 IN_VME_DATEN
N 5061
J 435 700 1
J 505 700 2
S 1 2
L 445 700 12 0 3 0 1 0 VME_DATA_CE
N 5035
J 995 990 2
J 975 990 1
S 2 1
L 980 990 10 0 3 0 1 0 CLK80
N 5036
J 975 890 1
J 995 890 2
S 1 2
L 980 890 10 0 3 0 1 0 CLK80
N 5038
J 975 690 1
J 995 690 2
S 1 2
L 980 690 10 0 3 0 1 0 CLK80
N 5034
J 100 700 1
J 120 700 2
S 1 2
L 105 700 10 0 3 0 1 0 CLK80
N 4832
J 1115 960 1
J 1220 950 2
J 1210 950 3
J 1210 960 3
S 1 4
L 1125 960 14 0 3 0 1 0 LED_VMEACC
S 3 2
S 3 4
N 4800
J 1490 555 2
J 1400 555 1
S 2 1
L 1410 555 12 0 3 0 1 0 DO_RDAT
N 4801
J 1490 535 2
J 1400 535 1
S 2 1
L 1410 535 12 0 3 0 1 0 DO_RDSTAT
N 4799
J 1490 575 2
J 1400 575 1
S 2 1
L 1410 575 12 0 3 0 1 0 DO_PROGRAM
N 4798
J 1400 470 1
J 1490 470 2
S 1 2
L 1410 470 12 0 3 0 1 0 EN_PROG
N 4797
J 1490 430 2
J 1400 430 1
S 2 1
L 1410 430 12 0 3 0 1 0 EN_RDSTAT
N 4796
J 1490 450 2
J 1400 450 1
S 2 1
L 1410 450 12 0 3 0 1 0 EN_RDAT
N 4907
J 1680 430 1
J 1645 430 2
S 2 1
L 1630 430 18 0 3 0 1 1 LED6
N 4906
J 1645 410 2
J 1680 410 1
S 1 2
L 1630 410 18 0 3 0 1 1 LED7
N 4905
J 1560 450 2
J 1575 450 2
S 1 2
L 1560 450 10 0 3 0 1 0 LS45
N 4904
J 1680 450 1
J 1645 450 2
S 2 1
L 1630 450 18 0 3 0 1 1 LED5
N 4903
J 1645 470 2
J 1680 470 1
S 1 2
L 1630 470 18 0 3 0 1 1 LED4
N 4902
J 1680 555 1
J 1645 555 2
S 2 1
L 1630 555 18 0 3 0 1 1 LED1
N 4901
J 1680 515 1
J 1645 515 2
S 2 1
L 1630 515 18 0 3 0 1 1 LED3
N 4900
J 1680 535 1
J 1645 535 2
S 2 1
L 1630 535 18 0 3 0 1 1 LED2
N 4899
J 1645 575 2
J 1680 575 1
S 1 2
L 1630 575 18 0 3 0 1 1 LED0
N 4888
J 1575 575 2
J 1560 575 2
S 2 1
L 1560 575 10 0 3 0 1 0 LS40
N 4887
J 1560 555 2
J 1575 555 2
S 1 2
L 1560 555 10 0 3 0 1 0 LS41
N 4886
J 1560 535 2
J 1575 535 2
S 1 2
L 1560 535 10 0 3 0 1 0 LS42
N 4885
J 1560 515 2
J 1575 515 2
S 1 2
L 1560 515 10 0 3 0 1 0 LS43
N 4884
J 1560 470 2
J 1575 470 2
S 1 2
L 1560 470 10 0 3 0 1 0 LS44
N 4883
J 1575 430 2
J 1560 430 2
S 2 1
L 1560 430 10 0 3 0 1 0 LS46
N 4882
J 1575 410 2
J 1560 410 2
S 2 1
L 1560 410 10 0 3 0 1 0 LS47
N 5016
J 1560 75 2
J 1575 75 2
S 1 2
L 1560 75 10 0 3 0 1 0 LS57
N 5015
J 1560 95 2
J 1575 95 2
S 1 2
L 1560 95 10 0 3 0 1 0 LS56
N 5014
J 1575 135 2
J 1560 135 2
S 2 1
L 1560 135 10 0 3 0 1 0 LS54
N 5013
J 1575 180 2
J 1560 180 2
S 2 1
L 1560 180 10 0 3 0 1 0 LS53
N 5012
J 1575 200 2
J 1560 200 2
S 2 1
L 1560 200 10 0 3 0 1 0 LS52
N 5011
J 1575 220 2
J 1560 220 2
S 2 1
L 1560 220 10 0 3 0 1 0 LS51
N 5010
J 1560 240 2
J 1575 240 2
S 1 2
L 1560 240 10 0 3 0 1 0 LS50
N 4999
J 1680 240 1
J 1645 240 2
S 2 1
L 1630 240 18 0 3 0 1 1 LED0
N 4998
J 1645 200 2
J 1680 200 1
S 1 2
L 1630 200 18 0 3 0 1 1 LED2
N 4997
J 1645 180 2
J 1680 180 1
S 1 2
L 1630 180 18 0 3 0 1 1 LED3
N 4996
J 1645 220 2
J 1680 220 1
S 1 2
L 1630 220 18 0 3 0 1 1 LED1
N 4995
J 1680 135 1
J 1645 135 2
S 2 1
L 1630 135 18 0 3 0 1 1 LED4
N 4994
J 1645 115 2
J 1680 115 1
S 1 2
L 1630 115 18 0 3 0 1 1 LED5
N 4993
J 1575 115 2
J 1560 115 2
S 2 1
L 1560 115 10 0 3 0 1 0 LS55
N 4992
J 1680 75 1
J 1645 75 2
S 2 1
L 1630 75 18 0 3 0 1 1 LED7
N 4991
J 1645 95 2
J 1680 95 1
S 1 2
L 1630 95 18 0 3 0 1 1 LED6
I 5000 virtex:INV 1 1490 125 0 1 '
C 4980 1 2 0
C 5014 2 1 0
I 5001 virtex:INV 1 1490 105 0 1 '
C 4993 2 1 0
C 4979 2 2 0
I 5003 virtex:INV 1 1490 210 0 1 '
C 5011 2 1 0
C 5301 1 2 0
I 5004 virtex:INV 1 1490 170 0 1 '
C 5013 2 1 0
C 4976 2 2 0
I 5005 virtex:INV 1 1490 190 0 1 '
C 4975 2 2 0
C 5012 2 1 0
I 5006 virtex:INV 1 1490 65 0 1 '
C 4977 1 2 0
C 5016 1 1 0
I 5007 virtex:INV 1 1490 85 0 1 '
C 5015 1 1 0
C 5303 1 2 0
I 5008 virtex:INV 1 1490 230 0 1 '
C 5042 1 2 0
C 5010 1 1 0
I 5009 virtex:BUFE4 1 1575 65 0 1 '
C 4994 1 22 0
C 4993 1 23 0
C 4991 1 20 0
C 5015 2 21 0
C 4992 2 1 0
C 5016 2 2 0
C 4990 1 4 0
C 4995 2 24 0
C 5014 1 25 0
I 4971 virtex2p:BUF 1 775 450 0 1 '
C 4920 22 1 0
C 5087 1 2 0
I 4969 virtex2p:BUF 1 775 470 0 1 '
C 5108 1 2 0
C 4920 3 1 0
I 4967 virtex2p:BUF 1 775 490 0 1 '
C 4920 4 1 0
C 5053 2 2 0
N 4810
J 670 560 7
J 750 560 8
B 1 2
L 675 565 20 0 3 0 1 1 RD[3:0]
N 4812
J 775 630 2
J 735 630 1
S 2 1
L 745 630 18 0 3 0 1 1 LD6
N 4814
J 735 650 1
J 775 650 2
S 1 2
L 745 650 18 0 3 0 1 1 LD5
N 4813
J 775 670 2
J 735 670 1
S 2 1
L 745 670 18 0 3 0 1 1 LD4
I 4961 virtex2p:BUF 1 775 620 0 1 '
C 4812 1 2 0
C 4920 5 1 0
N 4811
J 750 710 8
J 670 710 7
B 2 1
L 675 715 20 0 3 0 1 1 LD[3:0]
I 4950 virtex2p:BUF 1 505 395 0 1 '
C 5436 2 2 0
C 4919 34 1 0
I 4948 virtex2p:BUF 1 505 415 0 1 '
C 4919 3 1 0
C 5437 1 2 0
I 4946 virtex2p:BUF 1 505 435 0 1 '
C 5435 1 2 0
C 4919 4 1 0
I 4944 virtex2p:BUF 1 505 455 0 1 '
C 4919 5 1 0
C 5433 1 2 0
I 4942 virtex2p:BUF 1 505 480 0 1 '
C 5434 1 2 0
C 4919 6 1 0
I 4938 virtex2p:BUF 1 505 520 0 1 '
C 5365 2 2 0
C 4919 8 1 0
I 4933 virtex2p:BUF 1 505 585 0 1 '
C 4919 11 1 0
C 5098 2 2 0
I 4931 virtex2p:BUF 1 505 605 0 1 '
C 5097 1 2 0
C 4919 12 1 0
I 4927 virtex2p:BUF 1 505 650 0 1 '
C 5102 1 2 0
C 4919 13 1 0
I 4925 virtex2p:BUF 1 505 670 0 1 '
C 4919 14 1 0
C 5072 2 2 0
I 4923 virtex2p:BUF 1 505 690 0 1 '
C 5061 2 2 0
C 4919 15 1 0
I 4890 virtex:INV 1 1490 565 0 1 '
C 4888 2 1 0
C 4799 1 2 0
I 4891 virtex:INV 1 1490 420 0 1 '
C 4797 1 2 0
C 4883 2 1 0
I 4892 virtex:INV 1 1490 400 0 1 '
C 4882 2 1 0
C 5110 1 2 0
I 4893 virtex:INV 1 1490 525 0 1 '
C 4886 1 1 0
C 4801 1 2 0
I 4894 virtex:INV 1 1490 505 0 1 '
C 5052 1 2 0
C 4885 1 1 0
I 4895 virtex:INV 1 1490 545 0 1 '
C 4800 1 2 0
C 4887 1 1 0
I 4897 virtex:INV 1 1490 440 0 1 '
C 4796 1 2 0
C 4905 1 1 0
I 4898 virtex:INV 1 1490 460 0 1 '
C 4884 1 1 0
C 4798 2 2 0
N 4863
J 1400 890 1
J 1490 890 2
S 1 2
L 1410 890 10 0 3 0 1 0 VME_DATA_CE
N 4868
J 1490 870 2
J 1400 870 1
S 2 1
L 1410 870 10 0 3 0 1 0 LVME_DATA_CE
N 4854
J 1490 790 2
J 1415 790 1
S 2 1
L 1425 790 14 0 3 0 1 0 SOFT_RST
N 4855
J 1415 810 1
J 1490 810 2
S 1 2
L 1425 810 14 0 3 0 1 0 SYNC_RST
N 4856
J 1490 705 2
J 1415 705 1
S 2 1
L 1425 705 14 0 3 0 1 0 LOCKED
N 4857
J 1415 685 1
J 1490 685 2
S 1 2
L 1425 685 14 0 3 0 1 0 LOCKED2
N 4858
J 1490 665 2
J 1415 665 1
S 2 1
L 1420 665 14 0 3 0 1 0 VME_DLL_ERR
N 4859
J 1415 770 1
J 1490 770 2
S 1 2
L 1420 770 14 0 3 0 1 0 PWR-ON-RST
N 4860
J 1490 750 2
J 1435 750 1
S 2 1
L 1445 750 14 0 3 0 1 1 SYSRST
N 4861
J 1490 645 2
J 1435 645 1
S 2 1
L 1445 645 12 0 3 0 1 0 LD_RDY
N 4847
J 995 1030 8
J 895 1030 7
B 2 1
L 895 1035 18 0 3 0 1 0 VME_DEV[15:0]
I 4825 FD16 1 995 850 0 1 '
C 5036 2 2 0
C 4848 1 23 0
C 4844 2 22 0
N 4827
J 1290 730 8
J 1360 730 7
B 1 2
L 1265 735 20 0 3 0 1 0 LA1_[15:0]
I 4828 virtex:BUFE16 1 1220 1020 0 1 '
C 4829 3 4 0
C 4843 2 2 0
C 4830 2 1 0
N 4830
J 1360 1030 7
J 1290 1030 8
B 2 1
L 1265 1035 20 0 3 0 1 0 LA0_[15:0]
I 4831 virtex:BUFE16 1 1220 920 0 1 '
C 4833 1 1 0
C 4844 1 2 0
C 4832 2 4 0
N 4833
J 1290 930 8
J 1360 930 7
B 1 2
L 1265 935 20 0 3 0 1 0 LA1_[15:0]
I 4837 virtex:BUFE16 1 1220 720 0 1 '
C 4827 1 1 0
C 4846 2 2 0
C 4838 3 4 0
N 4844
J 1220 930 8
J 1115 930 8
B 2 1
L 1110 935 14 0 3 0 1 0 D_VMECMD[15:0]
N 4846
J 1115 730 8
J 1220 730 8
B 1 2
L 1110 735 14 0 3 0 1 0 D_SER[15:0]
I 4711 virtex:BUFE16 1 345 730 0 1 '
C 4710 1 4 0
C 4878 2 2 0
C 4709 2 1 0
I 4708 virtex:BUFE16 1 345 830 0 1 '
C 4706 1 1 0
C 4879 1 2 0
C 4707 4 4 0
I 4705 virtex:BUFE16 1 345 930 0 1 '
C 4704 1 4 0
C 4880 1 2 0
C 4703 2 1 0
I 4702 virtex:BUFE16 1 345 1030 0 1 '
C 4700 1 1 0
C 4881 2 2 0
C 4701 4 4 0
N 4588
J 1645 665 2
J 1680 665 1
S 1 2
L 1630 665 18 0 3 0 1 1 LED6
N 4587
J 1680 645 1
J 1645 645 2
S 2 1
L 1630 645 18 0 3 0 1 1 LED7
N 4578
J 1575 685 2
J 1560 685 2
S 2 1
L 1560 685 10 0 3 0 1 0 LS35
N 4567
J 1645 685 2
J 1680 685 1
S 1 2
L 1630 685 18 0 3 0 1 1 LED5
N 4566
J 1680 705 1
J 1645 705 2
S 2 1
L 1630 705 18 0 3 0 1 1 LED4
N 4568
J 1645 790 2
J 1680 790 1
S 1 2
L 1630 790 18 0 3 0 1 1 LED1
N 4576
J 1645 750 2
J 1680 750 1
S 1 2
L 1630 750 18 0 3 0 1 1 LED3
N 4577
J 1645 770 2
J 1680 770 1
S 1 2
L 1630 770 18 0 3 0 1 1 LED2
N 4581
J 1680 810 1
J 1645 810 2
S 2 1
L 1630 810 18 0 3 0 1 1 LED0
N 4632
J 1645 1035 2
J 1680 1035 1
S 1 2
L 1630 1035 18 0 3 0 1 1 LED0
N 4631
J 1680 995 1
J 1645 995 2
S 2 1
L 1630 995 18 0 3 0 1 1 LED2
N 4630
J 1680 975 1
J 1645 975 2
S 2 1
L 1630 975 18 0 3 0 1 1 LED3
N 4627
J 1680 1015 1
J 1645 1015 2
S 2 1
L 1630 1015 18 0 3 0 1 1 LED1
N 4621
J 1645 930 2
J 1680 930 1
S 1 2
L 1630 930 18 0 3 0 1 1 LED4
N 4620
J 1680 910 1
J 1645 910 2
S 2 1
L 1630 910 18 0 3 0 1 1 LED5
N 4609
J 1645 870 2
J 1680 870 1
S 1 2
L 1630 870 18 0 3 0 1 1 LED7
N 4608
J 1680 890 1
J 1645 890 2
S 2 1
L 1630 890 18 0 3 0 1 1 LED6
I 4610 virtex:INV 1 1490 880 0 1 '
C 4863 2 2 0
C 4612 2 1 0
I 4611 virtex:INV 1 1490 860 0 1 '
C 4613 2 1 0
C 4868 1 2 0
I 4614 virtex:INV 1 1490 1025 0 1 '
C 4633 2 1 0
C 4867 1 2 0
I 4617 virtex:INV 1 1490 985 0 1 '
C 4629 1 1 0
C 4865 2 2 0
I 4618 virtex:INV 1 1490 965 0 1 '
C 5057 2 2 0
C 4628 1 1 0
I 4619 virtex:INV 1 1490 1005 0 1 '
C 4864 1 2 0
C 4634 1 1 0
I 4623 virtex:INV 1 1490 900 0 1 '
C 5018 2 2 0
C 4615 1 1 0
I 4624 virtex:INV 1 1490 920 0 1 '
C 4616 1 1 0
C 5017 1 2 0
I 4562 virtex:INV 1 1490 695 0 1 '
C 4856 1 2 0
C 4573 2 1 0
I 4563 virtex:INV 1 1490 675 0 1 '
C 4578 2 1 0
C 4857 2 2 0
I 4569 virtex:INV 1 1490 780 0 1 '
C 4570 2 1 0
C 4854 1 2 0
I 4571 virtex:INV 1 1490 740 0 1 '
C 4574 2 1 0
C 4860 1 2 0
I 4572 virtex:INV 1 1490 760 0 1 '
C 4859 2 2 0
C 4575 2 1 0
I 4585 virtex:INV 1 1490 635 0 1 '
C 4861 1 2 0
C 4583 1 1 0
I 4586 virtex:INV 1 1490 655 0 1 '
C 4584 1 1 0
C 4858 1 2 0
I 111 PAGE 1 0 0 0 1 '
I 4686 FD16 1 120 960 0 1 '
C 5031 1 2 0
C 4873 2 23 0
C 4881 1 22 0
I 4688 FD16 1 120 860 0 1 '
C 4880 2 22 0
C 4872 2 23 0
C 5032 2 2 0
I 4690 FD16 1 120 760 0 1 '
C 5033 1 2 0
C 4871 2 23 0
C 4879 2 22 0
I 4826 FD16 1 995 950 0 1 '
C 4843 1 22 0
C 4847 1 23 0
C 5035 1 2 0
N 4843
J 1115 1030 8
J 1220 1030 8
B 1 2
L 1110 1035 14 0 3 0 1 0 D_VMEDEV[15:0]
N 4633
J 1575 1035 2
J 1560 1035 2
S 2 1
L 1560 1035 10 0 3 0 1 0 LD60
N 4634
J 1560 1015 2
J 1575 1015 2
S 1 2
L 1560 1015 10 0 3 0 1 0 LD61
N 4629
J 1560 995 2
J 1575 995 2
S 1 2
L 1560 995 10 0 3 0 1 0 LD62
N 4628
J 1560 975 2
J 1575 975 2
S 1 2
L 1560 975 10 0 3 0 1 0 LD63
N 4616
J 1560 930 2
J 1575 930 2
S 1 2
L 1560 930 10 0 3 0 1 0 LD64
N 4615
J 1560 910 2
J 1575 910 2
S 1 2
L 1560 910 10 0 3 0 1 0 LD65
N 4612
J 1575 890 2
J 1560 890 2
S 2 1
L 1560 890 10 0 3 0 1 0 LD66
N 4613
J 1575 870 2
J 1560 870 2
S 2 1
L 1560 870 10 0 3 0 1 0 LD67
N 4579
J 1560 810 2
J 1575 810 2
S 1 2
L 1560 810 10 0 3 0 1 0 LS30
N 4570
J 1575 790 2
J 1560 790 2
S 2 1
L 1560 790 10 0 3 0 1 0 LS31
N 4575
J 1575 770 2
J 1560 770 2
S 2 1
L 1560 770 10 0 3 0 1 0 LS32
N 4573
J 1575 705 2
J 1560 705 2
S 2 1
L 1560 705 10 0 3 0 1 0 LS34
N 4584
J 1560 665 2
J 1575 665 2
S 1 2
L 1560 665 10 0 3 0 1 0 LS36
N 4583
J 1560 645 2
J 1575 645 2
S 1 2
L 1560 645 10 0 3 0 1 0 LS37
N 4870
J 20 740 7
J 120 740 8
B 1 2
L 20 745 14 0 3 0 1 0 DDU_ERR[15:0]
N 4848
J 995 930 8
J 895 930 7
B 2 1
L 895 935 18 0 3 0 1 0 VMECMD[15:0]
I 4935 virtex2p:BUF 1 505 565 0 1 '
C 5100 1 2 0
C 4919 10 1 0
I 4936 virtex2p:BUF 1 505 540 0 1 '
C 4919 9 1 0
C 5364 1 2 0
I 4940 virtex2p:BUF 1 505 500 0 1 '
C 4919 7 1 0
C 5366 1 2 0
I 4918 virtex2p:BUF 1 505 710 0 1 '
C 4919 16 1 0
C 5060 1 2 0
I 4929 virtex2p:BUF 1 505 625 0 1 '
C 4919 1 1 0
C 5099 2 2 0
I 4953 BUF4 1 750 700 0 1 '
C 4920 9 1 0
C 4811 1 2 0
I 4959 virtex2p:BUF 1 775 640 0 1 '
C 4920 6 1 0
C 4814 2 2 0
I 4955 virtex2p:BUF 1 775 660 0 1 '
C 4813 1 2 0
C 4920 11 1 0
I 4963 virtex2p:BUF 1 775 600 0 1 '
C 4920 15 1 0
C 4815 2 2 0
I 4965 virtex2p:BUF 1 775 510 0 1 '
C 4820 2 2 0
C 4920 17 1 0
N 4864
J 1490 1015 2
J 1400 1015 1
S 2 1
L 1410 1015 10 0 3 0 1 0 VME_SEN
N 4865
J 1400 995 1
J 1490 995 2
S 1 2
L 1410 995 10 0 3 0 1 0 VME_PEN
I 5002 virtex:BUFE4 1 1575 170 0 1 '
C 5010 2 25 0
C 4999 2 24 0
C 4981 2 4 0
C 5013 1 2 0
C 4997 1 1 0
C 5012 1 21 0
C 4998 1 20 0
C 5011 1 23 0
C 4996 1 22 0
I 4889 virtex:BUFE4 1 1575 400 0 1 '
C 4884 2 25 0
C 4903 1 24 0
C 4908 2 4 0
C 4882 1 2 0
C 4906 1 1 0
C 4883 1 21 0
C 4907 2 20 0
C 4905 2 23 0
C 4904 2 22 0
I 4896 virtex:BUFE4 1 1575 505 0 1 '
C 4902 2 22 0
C 4887 2 23 0
C 4900 2 20 0
C 4886 2 21 0
C 4901 2 1 0
C 4885 2 2 0
C 4909 1 4 0
C 4899 1 24 0
C 4888 1 25 0
I 4561 virtex:BUFE4 1 1575 635 0 1 '
C 4567 1 22 0
C 4578 1 23 0
C 4588 1 20 0
C 4584 2 21 0
C 4587 2 1 0
C 4583 2 2 0
C 4852 1 4 0
C 4566 2 24 0
C 4573 1 25 0
I 4565 virtex:BUFE4 1 1575 740 0 1 '
C 4579 2 25 0
C 4581 2 24 0
C 4851 2 4 0
C 4574 1 2 0
C 4576 1 1 0
C 4575 1 21 0
C 4577 1 20 0
C 4570 1 23 0
C 4568 1 22 0
I 4625 virtex:BUFE4 1 1575 860 0 1 '
C 4616 2 25 0
C 4621 1 24 0
C 5138 2 4 0
C 4613 1 2 0
C 4609 1 1 0
C 4612 1 21 0
C 4608 2 20 0
C 4615 2 23 0
C 4620 2 22 0
I 4622 virtex:BUFE4 1 1575 965 0 1 '
C 4627 2 22 0
C 4634 2 23 0
C 4631 2 20 0
C 4629 2 21 0
C 4630 2 1 0
C 4628 2 2 0
C 4849 1 4 0
C 4632 1 24 0
C 4633 1 25 0
N 5017
J 1490 930 2
J 1400 930 1
S 2 1
L 1410 930 10 0 3 0 1 0 LTOVME
N 4980
J 1490 135 2
J 1445 135 1
S 2 1
L 1455 135 10 0 3 0 1 0 LTOVME
N 4829
J 1210 1060 3
J 1115 1060 1
J 1220 1050 2
J 1210 1050 3
S 4 3
S 4 1
S 2 1
L 1125 1060 14 0 3 0 1 0 LED_VMEACC
N 4977
J 1490 75 2
J 1445 75 1
S 2 1
L 1450 75 12 0 3 0 1 0 CLR_DTACK
N 5060
J 505 720 2
J 450 720 1
S 2 1
L 460 720 14 0 3 0 1 0 VME_SEN
N 5053
J 720 500 1
J 775 500 2
S 1 2
L 730 500 15 0 3 0 1 0 M_SDO
N 4820
J 720 520 1
J 775 520 2
S 1 2
L 730 520 14 0 3 0 1 0 IN_SDO
N 5087
J 775 460 2
J 710 460 1
S 2 1
L 720 460 14 0 3 0 1 0 M_SDI
N 4815
J 735 610 1
J 775 610 2
S 1 2
L 745 610 18 0 3 0 1 0 SDI
N 5110
J 1490 410 2
J 1450 410 1
S 2 1
L 1460 410 18 0 3 0 1 0 SDI
N 4990
J 1575 155 2
J 1500 155 1
S 2 1
L 1505 155 10 0 3 0 1 0 LED_SER5
N 4852
J 1575 725 2
J 1500 725 1
S 2 1
L 1505 725 10 0 3 0 1 0 LED_SER3
N 5135
J 1370 1060 2
J 1320 1060 1
S 2 1
L 1325 1060 10 0 3 0 1 0 LED_SER6
N 5134
J 1320 1080 1
J 1370 1080 2
S 1 2
L 1325 1080 10 0 3 0 1 0 LED_MODE6
I 5133 virtex2p:OR2 1 1370 1040 0 1 '
C 5135 1 7 0
C 5134 2 9 0
C 4849 4 10 0
N 4849
J 1575 1055 2
J 1460 1055 3
J 1460 1070 3
J 1450 1070 2
S 4 3
S 2 3
S 2 1
L 1470 1055 10 0 3 0 1 0 LED_VMETYPE
N 4574
J 1575 750 2
J 1560 750 2
S 2 1
L 1560 750 10 0 3 0 1 0 LS33
N 4836
J 1360 830 7
J 1290 830 8
B 2 1
L 1265 835 20 0 3 0 1 0 LA0_[15:0]
N 5055
J 170 640 7
J 240 640 7
B 1 2
L 155 645 14 0 3 0 1 0 SLD_CMD[3:0]
N 5056
J 230 585 1
J 185 585 1
S 2 1
L 175 585 14 0 3 0 1 0 SLD_DONE
N 5102
J 505 660 2
J 435 660 1
S 2 1
L 445 660 12 0 3 0 1 1 MEM_ACCESS
I 4580 virtex:INV 1 1490 800 0 1 '
C 4855 2 2 0
C 4579 1 1 0
N 4851
J 1500 830 1
J 1575 830 2
S 1 2
L 1505 830 10 0 3 0 1 0 LED_SER3
I 4823 FD16 1 995 650 0 1 '
C 5038 2 2 0
C 4920 7 23 0
C 4846 1 22 0
N 5188
J 910 180 1
J 975 180 2
S 1 2
L 920 180 12 0 3 0 1 0 LRD_FIFO-1
N 5108
J 775 480 2
J 710 480 1
S 2 1
L 715 480 12 0 3 0 1 0 END_OPCODE
N 5092
J 140 635 7
J 70 635 7
B 2 1
L 75 640 14 0 3 0 1 0 SADR[5:0]
I 5126 virtex2p:AND3B2 1 65 70 0 1 '
C 5121 2 7 0
C 5123 2 1 0
C 5124 1 2 0
C 5125 2 3 0
I 5120 virtex:D4_16E 1 170 70 0 1 '
C 5118 2 24 0
C 5117 1 25 0
C 5127 1 26 0
C 5128 2 27 0
C 5129 2 28 0
C 5130 1 29 0
C 5131 1 30 0
C 5132 2 31 0
X 32 0
X 33 0
X 34 0
X 35 0
X 36 0
X 37 0
X 38 0
X 39 0
C 5119 4 40 0
C 5119 5 41 0
C 5119 6 42 0
C 5119 7 43 0
C 5121 1 1 0
I 4954 BUF4 1 750 550 0 1 '
C 4810 2 2 0
C 4920 1 1 0
N 4920
J 820 560 8
J 915 560 11
J 845 480 2
J 845 500 2
J 845 630 2
J 845 650 2
J 995 730 8
J 915 730 9
J 820 710 8
J 915 710 11
J 845 670 2
J 915 670 11
J 915 650 11
J 915 630 11
J 845 610 2
J 915 610 11
J 845 520 2
J 915 520 11
J 915 500 11
J 915 480 11
J 915 460 9
J 845 460 2
S 3 20
L 830 480 12 0 3 0 1 0 SER_CTRL14
S 4 19
L 830 500 12 0 3 0 1 0 SER_CTRL13
S 5 14
L 830 630 12 0 3 0 1 0 SER_CTRL6
S 6 13
L 830 650 12 0 3 0 1 0 SER_CTRL5
B 8 7
L 880 735 18 0 3 0 1 0 SER_CTRL[15:0]
B 10 8
B 9 10
L 815 715 12 0 3 0 1 0 SER_CTRL[3:0]
B 12 10
S 11 12
L 830 670 12 0 3 0 1 0 SER_CTRL4
B 13 12
B 14 13
B 16 14
S 15 16
L 830 610 12 0 3 0 1 0 SER_CTRL7
B 2 16
B 18 2
S 17 18
L 830 520 12 0 3 0 1 0 SER_CTRL12
B 19 18
B 20 19
B 21 20
S 22 21
L 830 460 12 0 3 0 1 0 SER_CTRL15
B 1 2
L 815 565 12 0 3 0 1 0 SER_CTRL[11:8]
N 4835
J 1210 860 3
J 1130 860 1
J 1220 850 2
J 1210 850 3
S 4 3
S 4 1
S 2 1
L 1140 860 14 0 3 0 1 0 LED_ISERIAL
I 4693 FD16 1 120 660 0 1 '
C 4878 1 22 0
C 4870 2 23 0
C 5034 2 2 0
N 5213
J 545 360 8
J 620 360 11
J 620 100 11
J 620 120 11
J 620 140 11
J 620 170 11
J 620 210 11
J 620 285 11
J 620 305 11
J 620 265 11
J 620 230 11
J 620 190 11
J 620 325 11
J 620 375 9
J 705 375 8
J 620 80 9
J 560 80 2
J 560 325 2
J 560 190 2
J 560 230 2
J 560 265 2
J 560 305 2
J 560 285 2
J 560 210 2
J 560 170 2
J 560 140 2
J 560 120 2
J 560 100 2
B 14 15
L 625 380 12 0 3 0 1 0 VME_OSER[15:0]
B 1 2
L 535 365 12 0 3 0 1 0 VME_OSER[3:0]
B 2 14
B 5 6
B 16 3
S 28 3
L 555 100 10 0 3 0 1 0 VME_OSER14
S 27 4
L 555 120 10 0 3 0 1 0 VME_OSER13
S 26 5
L 555 140 10 0 3 0 1 0 VME_OSER12
S 25 6
L 555 170 10 0 3 0 1 0 VME_OSER11
S 24 7
L 555 210 10 0 3 0 1 0 VME_OSER9
S 23 8
L 555 285 10 0 3 0 1 0 VME_OSER6
S 22 9
L 555 305 10 0 3 0 1 0 VME_OSER5
S 21 10
L 555 265 10 0 3 0 1 0 VME_OSER7
S 20 11
L 555 230 10 0 3 0 1 0 VME_OSER8
S 19 12
L 555 190 10 0 3 0 1 0 VME_OSER10
S 18 13
L 555 325 10 0 3 0 1 0 VME_OSER4
S 17 16
L 555 80 10 0 3 0 1 0 VME_OSER15
B 9 13
B 6 12
B 7 11
B 11 10
B 8 9
B 10 8
B 12 7
B 4 5
B 3 4
B 13 2
N 5233
J 825 375 8
J 930 375 8
B 1 2
L 820 380 14 0 3 0 1 0 D_OSER[15:0]
N 5042
J 1490 240 2
J 1445 240 1
S 2 1
L 1450 240 14 0 3 0 1 1 DTACK
N 4975
J 1445 200 1
J 1490 200 2
S 1 2
L 1450 200 12 0 3 0 1 0 ENDED_CMD
N 5185
J 910 200 1
J 975 200 2
S 1 2
L 920 200 12 0 3 0 1 0 END_CMD
N 5294
J 645 240 1
J 700 240 2
S 1 2
L 650 240 14 0 3 0 1 1 DTACK
N 5258
J 975 95 2
J 935 95 1
S 2 1
L 940 95 12 0 3 0 1 0 CLR_RD
N 5265
J 700 75 2
J 645 75 1
S 2 1
L 650 75 12 0 3 0 1 0 CLR_DTACK
N 5257
J 910 135 1
J 975 135 2
S 1 2
L 915 135 12 0 3 0 1 0 DTACK_1
N 5121
J 170 110 2
J 145 110 2
S 2 1
L 140 110 10 0 3 0 1 0 LEDSER
N 5301
J 1490 220 2
J 1445 220 1
S 2 1
L 1450 220 12 0 3 0 1 0 EN_MSCLK
N 5302
J 700 180 2
J 645 180 1
S 2 1
L 650 180 12 0 3 0 1 0 XFER_DATA
N 5099
J 435 635 1
J 505 635 2
S 1 2
L 450 635 14 0 3 0 1 1 M_CS
N 5304
J 490 325 2
J 420 325 1
S 2 1
L 435 325 14 0 3 0 1 1 M_CS
N 5308
J 490 265 2
J 420 265 1
S 2 1
L 425 265 12 0 3 0 1 0 OUTVME_WCEN
N 5149
J 1060 260 2
J 985 260 1
S 2 1
L 990 260 10 0 3 0 1 0 LED_SER7
N 4981
J 1500 260 1
J 1575 260 2
S 1 2
L 1505 260 10 0 3 0 1 0 LED_SER5
N 4908
J 1500 490 1
J 1575 490 2
S 1 2
L 1505 490 10 0 3 0 1 0 LED_SER4
I 5211 BUF4 1 475 350 0 1 '
C 5213 1 1 0
C 5103 1 2 0
I 5234 FD16 1 705 295 0 1 '
C 5235 2 2 0
C 5213 15 23 0
C 5233 1 22 0
I 5232 virtex:BUFE16 1 930 365 0 1 '
C 5231 1 1 0
C 5233 2 2 0
C 5230 2 4 0
I 5322 virtex:INV 1 1235 230 0 1 '
C 5339 1 1 0
C 5380 4 2 0
I 5323 virtex:INV 1 1235 85 0 1 '
C 5356 1 2 0
C 5344 1 1 0
I 5324 virtex:INV 1 1235 65 0 1 '
C 5345 1 1 0
C 5357 1 2 0
N 5366
J 505 510 2
J 435 510 1
S 2 1
L 445 510 12 0 3 0 1 0 EN_PROG_OP5
N 5371
J 405 210 1
J 490 210 2
S 1 2
L 415 210 12 0 3 0 1 0 EN_RDAT_OP4
N 5372
J 490 190 2
J 405 190 1
S 2 1
L 415 190 12 0 3 0 1 0 EN_RDAT_OP5
N 5375
J 975 115 2
J 920 115 1
S 2 1
L 925 115 12 0 3 0 1 0 EN_VMERD
N 4979
J 1445 115 1
J 1490 115 2
S 1 2
L 1455 115 10 0 3 0 1 0 VME_SEN
N 4867
J 1490 1035 2
J 1400 1035 1
S 2 1
L 1405 1035 10 0 3 0 1 0 VME_ADR_CHANGED
N 5380
J 1210 240 3
J 1145 275 1
J 1210 275 3
J 1235 240 2
S 1 4
S 1 3
S 2 3
L 1150 275 10 0 3 0 1 0 VME_ADR_CHANGED
N 4976
J 1445 180 1
J 1490 180 2
S 1 2
L 1450 180 12 0 3 0 1 0 CMD_DONE
N 5383
J 700 200 2
J 645 200 1
S 2 1
L 650 200 12 0 3 0 1 0 CMD_DONE
N 5384
J 1265 395 2
J 1190 395 1
S 2 1
L 1195 395 10 0 3 0 1 0 LED_SER0
N 5353
J 1185 200 1
J 1235 200 2
S 1 2
L 1190 200 12 0 3 0 1 0 PROG_PG4
N 5420
J 1180 480 2
J 1130 480 1
S 2 1
L 1135 480 12 0 3 0 1 0 PROG_PG1
N 5357
J 1235 75 2
J 1200 75 1
S 2 1
L 1210 75 14 0 3 0 1 0 SCLK
N 5356
J 1235 95 2
J 1185 95 1
S 2 1
L 1190 95 10 0 3 0 1 0 IN_VME_SHFTEN
N 5425
J 1185 220 1
J 1235 220 2
S 1 2
L 1190 220 12 0 3 0 1 0 DO_OPCODE
N 5298
J 1065 555 2
J 985 555 1
S 2 1
L 995 555 14 0 3 0 1 0 LED_SER1
I 5297 virtex2p:OR3 1 1065 495 0 1 '
C 5025 2 5 0
C 5298 1 3 0
C 5022 2 4 0
C 5023 1 2 0
N 5352
J 1235 115 2
J 1185 115 1
S 2 1
L 1190 115 12 0 3 0 1 0 EN_PROG
N 5433
J 505 465 2
J 435 465 1
S 2 1
L 445 465 10 0 3 0 1 0 IN_VME_SHFTEN
N 5435
J 505 445 2
J 435 445 1
S 2 1
L 440 445 10 0 3 0 1 0 OUT_VME_SHFTEN
N 5057
J 1435 975 1
J 1490 975 2
S 1 2
L 1445 975 12 0 3 0 1 0 DO_SLD
N 4919
J 575 635 2
J 645 635 11
J 575 425 2
J 575 445 2
J 575 465 2
J 575 490 2
J 575 510 2
J 575 530 2
J 575 550 2
J 575 575 2
J 575 595 2
J 575 615 2
J 575 660 2
J 575 680 2
J 575 700 2
J 575 720 2
J 995 830 8
J 645 830 9
J 645 720 11
J 645 700 11
J 645 680 11
J 645 660 11
J 645 615 11
J 645 595 11
J 645 575 11
J 645 550 11
J 645 530 11
J 645 510 11
J 645 490 11
J 645 465 11
J 645 445 11
J 645 425 11
J 645 405 9
J 575 405 2
B 18 17
L 825 835 18 0 3 0 1 0 VME_SER[15:0]
B 19 18
S 3 32
L 560 425 12 0 3 0 1 0 VME_SER14
S 4 31
L 560 445 12 0 3 0 1 0 VME_SER13
S 5 30
L 560 465 12 0 3 0 1 0 VME_SER12
S 6 29
L 560 490 12 0 3 0 1 0 VME_SER11
S 7 28
L 560 510 12 0 3 0 1 0 VME_SER10
S 8 27
L 560 530 12 0 3 0 1 0 VME_SER9
S 9 26
L 560 550 12 0 3 0 1 0 VME_SER8
S 10 25
L 560 575 12 0 3 0 1 0 VME_SER7
S 11 24
L 560 595 12 0 3 0 1 0 VME_SER6
S 12 23
L 560 615 12 0 3 0 1 0 VME_SER5
S 13 22
L 560 660 12 0 3 0 1 0 VME_SER3
S 14 21
L 560 680 12 0 3 0 1 0 VME_SER2
S 15 20
L 560 700 12 0 3 0 1 0 VME_SER1
B 20 19
B 21 20
B 22 21
B 2 22
B 23 2
B 24 23
B 25 24
B 26 25
B 27 26
B 28 27
B 32 31
B 33 32
S 34 33
L 560 405 12 0 3 0 1 0 VME_SER15
S 16 19
L 560 720 12 0 3 0 1 0 VME_SER0
S 1 2
L 560 635 12 0 3 0 1 0 VME_SER4
B 31 30
B 30 29
B 29 28
N 5037
J 995 790 2
J 975 790 1
S 2 1
L 980 790 10 0 3 0 1 0 CLK80
I 4824 FD16 1 995 750 0 1 '
C 4845 2 22 0
C 4919 17 23 0
C 5037 1 2 0
N 4845
J 1220 830 8
J 1115 830 8
B 2 1
L 1110 835 14 0 3 0 1 0 D_ISER[15:0]
I 4834 virtex:BUFE16 1 1220 820 0 1 '
C 4835 3 4 0
C 4845 1 2 0
C 4836 2 1 0
N 5440
J 490 170 2
J 405 170 1
S 2 1
L 415 170 12 0 3 0 1 0 EN_RDAT_OP7
N 5300
J 645 220 1
J 700 220 2
S 1 2
L 650 220 12 0 3 0 1 0 EN_MSCLK
N 5441
J 1180 375 2
J 1130 375 1
S 2 1
L 1135 375 12 0 3 0 1 0 EN_MSCLK
N 5439
J 405 80 1
J 490 80 2
S 1 2
L 415 80 12 0 3 0 1 0 LLRD_FIFO-1
N 4909
J 1575 595 2
J 1500 595 1
S 2 1
L 1505 595 10 0 3 0 1 0 LED_SER4
N 5052
J 1490 515 2
J 1425 515 1
S 2 1
L 1435 515 12 0 3 0 1 0 LRD_FIFO-1
I 5429 virtex2p:OR4 1 1065 565 0 1 '
C 5240 1 8 0
C 5430 2 1 0
C 5310 2 6 0
C 5239 1 7 0
C 5238 2 5 0
I 5026 virtex2p:OR2 1 775 935 0 1 '
C 5027 1 10 0
C 5029 2 9 0
C 5028 1 7 0
T 620 20 20 0 3 DDU VME Controller Logic
Q 11 0 0
T 1144 30 25 0 3 JRG
Q 11 0 0
T 621 -2 20 0 3 CMS CSC Electronics
Q 11 0 0
T 620 40 20 0 3 VME Communication Interface
Q 11 0 0
T 1290 35 25 0 3 1
Q 11 0 0
T 1525 30 25 0 3 D785
Q 11 0 0
T 550 1000 80 0 3 END
Q 12 4 0
T 1632 1 25 0 3 2N
Q 11 0 0
U 1310 5 20 0 9 3 @DATETIME=12-23-2005_10:50
U 1510 0 20 0 9 3 @NAME=VMECNTRL
U 1550 0 20 0 3 3 @SHEET=14
N 5018
J 1400 910 1
J 1490 910 2
S 1 2
L 1410 910 10 0 3 0 1 0 O_TOVME
E
