V 51
K 118209874400 fpga
Y 0
D 0 0 1700 1100
Z 1
i 3351
N 3184
J 660 995 8
J 695 995 9
J 695 940 9
J 805 940 8
B 1 2
L 650 1000 14 0 3 0 1 0 LDDU_ERR[15:0]
B 3 2
B 3 4
L 705 945 14 0 3 0 1 0 LDDU_ERR[14:0]
N 3229
J 965 845 8
J 940 780 7
J 1065 780 9
J 965 925 8
J 1065 925 9
J 1065 845 11
B 2 3
L 940 785 18 0 3 0 1 0 IRQ_DAT[7:0]
B 3 6
B 4 5
L 950 930 18 0 3 0 1 0 IRQ_DAT[7:4]
B 1 6
L 950 850 18 0 3 0 1 0 IRQ_DAT[3:0]
B 6 5
N 3349
J 805 915 2
J 765 915 1
S 2 1
L 770 915 14 0 3 0 1 0 CLK80
N 3350
J 765 835 1
J 805 835 2
S 1 2
L 770 835 14 0 3 0 1 0 CLK80
N 3183
J 660 880 8
J 695 880 9
J 695 860 9
J 805 860 8
B 3 4
L 705 865 14 0 3 0 1 0 LDDU_SYNC[14:0]
B 1 2
L 650 885 14 0 3 0 1 0 LDDU_SYNC[15:0]
B 3 2
N 3142
J 765 640 2
J 815 640 5
J 825 620 2
J 815 620 3
J 825 640 2
S 1 2
L 750 640 14 0 3 0 1 0 SET_IRQ
S 2 5
S 4 2
S 4 3
N 3208
J 665 765 3
J 575 765 2
J 665 660 3
J 685 660 2
S 2 1
L 580 765 14 0 3 0 1 0 DDU_READY+1
S 3 4
S 3 1
N 3143
J 685 620 2
J 610 620 2
S 2 1
L 625 620 14 0 3 0 1 0 NEW_ERR
N 3182
J 685 640 2
J 610 640 1
S 2 1
L 615 640 14 0 3 0 1 0 DDU_READY
N 3337
J 995 250 2
J 980 250 2
S 2 1
L 980 250 10 0 3 0 1 0 LD121
N 3338
J 995 230 2
J 980 230 2
S 2 1
L 980 230 10 0 3 0 1 0 LD122
N 3339
J 995 210 2
J 980 210 2
S 2 1
L 980 210 10 0 3 0 1 0 LD123
N 3340
J 995 190 2
J 980 190 2
S 2 1
L 980 190 10 0 3 0 1 0 LD124
N 3327
J 995 170 2
J 980 170 2
S 2 1
L 980 170 10 0 3 0 1 0 LD125
N 3335
J 1065 250 2
J 1100 250 1
S 1 2
L 1050 250 18 0 3 0 1 1 LED1
N 3336
J 1065 230 2
J 1100 230 1
S 1 2
L 1050 230 18 0 3 0 1 1 LED2
N 3341
J 1065 170 2
J 1100 170 1
S 1 2
L 1050 170 18 0 3 0 1 1 LED5
N 3333
J 1100 190 1
J 1065 190 2
S 2 1
L 1050 190 18 0 3 0 1 1 LED4
N 3334
J 1065 210 2
J 1100 210 1
S 1 2
L 1050 210 18 0 3 0 1 1 LED3
I 3328 virtex:INV 1 910 180 0 1 '
C 3340 2 1 0
C 3240 2 2 0
I 3329 virtex:INV 1 910 200 0 1 '
C 3239 1 2 0
C 3339 2 1 0
I 3330 virtex:INV 1 910 220 0 1 '
C 3338 2 1 0
C 3238 2 2 0
I 3331 virtex:INV 1 910 240 0 1 '
C 3237 2 2 0
C 3337 2 1 0
I 3332 virtex:INV 1 910 160 0 1 '
C 3236 1 2 0
C 3327 2 1 0
N 3234
J 945 100 8
J 860 100 7
B 2 1
L 860 105 14 0 3 0 1 0 LIRQ_DAT[15:0]
N 3320
J 1015 100 8
J 1085 100 7
B 1 2
L 990 105 20 0 3 0 1 0 LA0_[15:0]
N 3321
J 945 120 2
J 935 120 3
J 855 130 1
J 935 130 3
S 2 1
S 2 4
S 3 4
L 865 130 14 0 3 0 1 0 LED_MODE12
N 3233
J 225 560 1
J 285 560 2
S 1 2
L 235 560 10 0 3 0 1 1 MY_IRQ+1
N 3232
J 295 640 1
J 235 640 2
S 2 1
L 240 640 14 0 3 0 1 1 MY_IRQ+2
I 3231 virtex:INV 1 165 630 0 1 '
C 3232 2 1 0
C 3230 2 2 0
N 3088
J 1215 385 11
J 1095 385 7
J 1330 355 8
J 1215 355 9
J 1140 520 2
J 1140 545 2
J 1215 545 9
J 1215 520 11
J 1150 485 2
J 1215 485 11
J 1145 430 8
J 1215 430 11
B 2 1
L 1095 390 18 0 3 0 1 0 IRQ_DAT[7:0]
B 4 1
B 1 12
B 11 12
L 1140 435 10 0 3 0 1 0 IRQ_DAT[12:8]
B 12 10
S 9 10
L 1135 485 12 0 3 0 1 0 IRQ_DAT13
B 10 8
B 8 7
S 6 7
L 1135 545 12 0 3 0 1 0 IRQ_DAT15
S 5 8
L 1135 520 12 0 3 0 1 0 IRQ_DAT14
B 4 3
L 1245 360 10 0 3 0 1 0 IRQ_DAT[15:0]
N 3223
J 410 975 2
J 350 975 1
S 2 1
L 360 975 14 0 3 0 1 0 MY_IRQ
I 3224 virtex:INV 1 410 965 0 1 '
C 3215 2 1 0
C 3223 1 2 0
N 3221
J 540 955 2
J 500 955 1
S 2 1
L 505 955 14 0 3 0 1 0 CLK80
N 3116
J 1450 355 8
J 1535 355 8
B 1 2
L 1460 360 10 0 3 0 1 0 LIRQ_DAT[15:0]
N 3120
J 1310 285 1
J 1330 285 2
S 1 2
L 1315 285 14 0 3 0 1 0 VRST
N 3220
J 1330 315 2
J 1290 315 1
S 2 1
L 1295 315 14 0 3 0 1 0 CLK80
N 3218
J 540 810 2
J 520 810 1
S 2 1
L 525 810 14 0 3 0 1 0 VRST
N 3217
J 520 925 1
J 540 925 2
S 1 2
L 525 925 14 0 3 0 1 0 VRST
N 3216
J 480 860 1
J 540 860 2
S 1 2
L 490 860 14 0 3 0 1 1 MY_IRQ
N 3198
J 450 995 7
J 540 995 8
B 1 2
L 440 1000 14 0 3 0 1 0 DDU_ERR[15:0]
N 3199
J 450 880 7
J 540 880 8
B 1 2
L 440 885 14 0 3 0 1 0 DDU_SYNC[15:0]
N 3209
J 435 695 1
J 455 695 2
S 1 2
L 440 695 14 0 3 0 1 0 VRST
N 3210
J 455 725 2
J 415 725 1
S 2 1
L 420 725 14 0 3 0 1 0 CLK80
N 3136
J 1075 640 2
J 1165 640 2
S 1 2
L 1085 640 20 0 3 0 1 1 IRQ
N 3167
J 1155 210 1
J 1215 210 2
S 1 2
L 1160 210 20 0 3 0 1 0 CLK80
N 3168
J 1395 210 2
J 1335 210 1
S 2 1
L 1340 210 20 0 3 0 1 0 CLK80
N 3149
J 660 565 2
J 600 565 1
S 2 1
L 610 565 14 0 3 0 1 0 MY_IRQ
N 3148
J 640 545 1
J 660 545 2
S 1 2
L 645 545 14 0 3 0 1 0 VRST
N 3164
J 945 580 1
J 985 580 2
S 1 2
L 955 580 14 0 3 0 1 1 DS1
N 3165
J 985 600 2
J 945 600 1
S 2 1
L 955 600 14 0 3 0 1 1 DS0
N 3163
J 1165 670 2
J 1145 670 1
S 2 1
L 1150 670 14 0 3 0 1 0 VRST
N 3134
J 1330 640 1
J 1285 640 2
S 2 1
L 1275 640 20 0 3 0 1 1 IRQ_1
N 3124
J 405 580 8
J 490 580 8
B 1 2
L 405 585 14 0 3 0 1 0 PIRQ_DAT[15:0]
N 3107
J 960 545 1
J 1070 545 2
S 1 2
L 970 545 20 0 3 0 1 0 DDU_ERR15
N 3105
J 1070 520 2
J 960 520 1
S 2 1
L 970 520 20 0 3 0 1 0 DDU_SYNC15
N 3089
J 1670 355 7
J 1605 355 8
B 2 1
L 1590 360 12 0 3 0 1 0 OUTDATA[15:0]
N 3074
J 1395 180 2
J 1315 180 1
S 2 1
L 1320 180 14 0 3 0 1 0 VMEP_RST
N 3076
J 1645 230 2
J 1675 230 1
S 1 2
L 1630 230 10 0 3 0 1 1 DTACK
N 3073
J 1475 410 2
J 1385 410 1
S 2 1
L 1395 410 10 0 3 0 1 0 VME_DEV14
N 3072
J 1385 470 1
J 1475 470 2
S 1 2
L 1395 470 10 0 3 0 1 0 VME_DEV5
N 3071
J 1475 450 2
J 1385 450 1
S 2 1
L 1395 450 10 0 3 0 1 0 VME_DEV6
N 3069
J 215 240 2
J 215 260 2
J 215 280 2
J 215 300 2
J 215 320 2
J 215 340 2
J 215 360 2
J 215 380 2
J 215 400 2
J 110 445 7
J 265 445 9
J 265 400 11
J 265 380 11
J 265 360 11
J 265 340 11
J 265 320 11
J 265 300 11
J 265 280 11
J 265 260 11
J 265 240 11
J 215 220 2
J 265 220 11
J 215 200 2
J 265 200 11
J 215 180 2
J 265 180 11
J 215 160 2
J 265 160 11
J 215 140 2
J 265 140 11
J 215 120 2
J 265 120 11
J 265 100 9
J 215 100 2
B 22 20
S 34 33
L 205 100 10 0 3 0 1 0 PCMD15
B 33 32
S 31 32
L 205 120 10 0 3 0 1 0 PCMD14
B 32 30
S 29 30
L 205 140 10 0 3 0 1 0 PCMD13
B 30 28
S 27 28
L 205 160 10 0 3 0 1 0 PCMD12
B 28 26
S 25 26
L 205 180 10 0 3 0 1 0 PCMD11
B 26 24
S 23 24
L 205 200 10 0 3 0 1 0 PCMD10
B 24 22
S 21 22
L 205 220 10 0 3 0 1 0 PCMD9
B 20 19
B 19 18
B 18 17
B 17 16
B 16 15
B 15 14
B 14 13
B 13 12
B 12 11
B 10 11
L 110 450 18 0 3 0 1 0 PCMD[15:0]
S 9 12
L 205 400 10 0 3 0 1 0 PCMD0
S 8 13
L 205 380 10 0 3 0 1 0 PCMD1
S 7 14
L 205 360 10 0 3 0 1 0 PCMD2
S 6 15
L 205 340 10 0 3 0 1 0 PCMD3
S 5 16
L 205 320 10 0 3 0 1 0 PCMD4
S 4 17
L 205 300 10 0 3 0 1 0 PCMD5
S 3 18
L 205 280 10 0 3 0 1 0 PCMD6
S 2 19
L 205 260 10 0 3 0 1 0 PCMD7
S 1 20
L 205 240 10 0 3 0 1 0 PCMD8
N 2985
J 350 245 2
J 295 245 1
S 2 1
L 300 245 10 0 3 0 1 0 VME_PEN1
N 2984
J 350 225 2
J 295 225 1
S 2 1
L 300 225 12 0 3 0 1 0 LTOVME
N 2982
J 295 285 1
J 350 285 2
S 1 2
L 300 285 10 0 3 0 1 0 COMMAND7
N 2980
J 475 185 2
J 420 185 1
S 2 1
L 425 185 14 0 3 0 1 0 VMEP_RST
N 2958
J 1475 1025 2
J 1385 1025 1
S 2 1
L 1395 1025 10 0 3 0 1 0 VME_PEN0
N 2930
J 1480 1065 1
J 1560 1065 2
S 1 2
L 1490 1065 14 0 3 0 1 0 LED_PAR0
I 2931 virtex:BUFE4 1 1560 975 0 1 '
C 2948 1 25 0
C 2956 1 24 0
C 2930 2 4 0
C 2945 2 2 0
C 2954 2 1 0
C 2946 2 21 0
C 2955 2 20 0
C 2947 2 23 0
C 2953 2 22 0
I 2932 virtex:BUFE4 1 1560 870 0 1 '
C 2951 2 22 0
C 2943 2 23 0
C 2949 2 20 0
C 2942 1 21 0
C 2950 1 1 0
C 2941 1 2 0
C 2959 1 4 0
C 2952 1 24 0
C 2944 2 25 0
I 2933 virtex:INV 1 1475 930 0 1 '
C 2964 2 2 0
C 2944 1 1 0
I 2934 virtex:INV 1 1475 910 0 1 '
C 2943 1 1 0
C 2963 1 2 0
I 2935 virtex:INV 1 1475 1015 0 1 '
C 2947 1 1 0
C 2958 1 2 0
I 2936 virtex:INV 1 1475 975 0 1 '
C 2945 1 1 0
C 2965 1 2 0
I 2937 virtex:INV 1 1475 995 0 1 '
C 2966 2 2 0
C 2946 1 1 0
I 2938 virtex:INV 1 1475 1035 0 1 '
C 2957 1 2 0
C 2948 2 1 0
I 2939 virtex:INV 1 1475 870 0 1 '
C 2968 1 2 0
C 2941 2 1 0
I 2940 virtex:INV 1 1475 890 0 1 '
C 2942 2 1 0
C 2967 2 2 0
N 2941
J 1560 880 2
J 1545 880 2
S 2 1
L 1545 880 10 0 3 0 1 0 LP07
N 2942
J 1560 900 2
J 1545 900 2
S 2 1
L 1545 900 10 0 3 0 1 0 LP06
N 2943
J 1545 920 2
J 1560 920 2
S 1 2
L 1545 920 10 0 3 0 1 0 LP05
N 2944
J 1545 940 2
J 1560 940 2
S 1 2
L 1545 940 10 0 3 0 1 0 LP04
N 2945
J 1545 985 2
J 1560 985 2
S 1 2
L 1545 985 10 0 3 0 1 0 LP03
N 2946
J 1545 1005 2
J 1560 1005 2
S 1 2
L 1545 1005 10 0 3 0 1 0 LP02
N 2947
J 1545 1025 2
J 1560 1025 2
S 1 2
L 1545 1025 10 0 3 0 1 0 LP01
N 2948
J 1560 1045 2
J 1545 1045 2
S 2 1
L 1545 1045 10 0 3 0 1 0 LP00
N 2949
J 1665 900 1
J 1630 900 2
S 2 1
L 1615 900 18 0 3 0 1 1 LED6
N 2950
J 1630 880 2
J 1665 880 1
S 1 2
L 1615 880 18 0 3 0 1 1 LED7
N 2951
J 1665 920 1
J 1630 920 2
S 2 1
L 1615 920 18 0 3 0 1 1 LED5
N 2952
J 1630 940 2
J 1665 940 1
S 1 2
L 1615 940 18 0 3 0 1 1 LED4
N 2953
J 1665 1025 1
J 1630 1025 2
S 2 1
L 1615 1025 18 0 3 0 1 1 LED1
N 2954
J 1665 985 1
J 1630 985 2
S 2 1
L 1615 985 18 0 3 0 1 1 LED3
N 2955
J 1665 1005 1
J 1630 1005 2
S 2 1
L 1615 1005 18 0 3 0 1 1 LED2
N 2956
J 1630 1045 2
J 1665 1045 1
S 1 2
L 1615 1045 18 0 3 0 1 1 LED0
N 2957
J 1475 1045 2
J 1385 1045 1
S 2 1
L 1395 1045 10 0 3 0 1 0 VME_PEN
N 2959
J 1560 960 2
J 1480 960 1
S 2 1
L 1490 960 14 0 3 0 1 0 LED_PAR0
N 2883
J 835 390 2
J 850 390 2
S 1 2
N 2886
J 640 370 1
J 670 370 2
S 1 2
L 645 370 14 0 3 0 1 0 SCLK
N 2846
J 1480 595 1
J 1560 595 2
S 1 2
L 1490 595 14 0 3 0 1 0 LED_PAR2
I 2847 virtex:BUFE4 1 1560 505 0 1 '
C 2864 1 25 0
C 2872 1 24 0
C 2846 2 4 0
C 2861 2 2 0
C 2870 2 1 0
C 2862 2 21 0
C 2871 2 20 0
C 2863 2 23 0
C 2869 2 22 0
I 2848 virtex:BUFE4 1 1560 400 0 1 '
C 2867 2 22 0
C 2859 2 23 0
C 2865 2 20 0
C 2858 1 21 0
C 2866 1 1 0
C 2857 1 2 0
C 2875 1 4 0
C 2868 1 24 0
C 2860 2 25 0
I 2849 virtex:INV 1 1475 460 0 1 '
C 3072 2 2 0
C 2860 1 1 0
I 2850 virtex:INV 1 1475 440 0 1 '
C 2859 1 1 0
C 3071 1 2 0
I 2851 virtex:INV 1 1475 545 0 1 '
C 2863 1 1 0
C 2874 1 2 0
I 2852 virtex:INV 1 1475 505 0 1 '
C 2861 1 1 0
C 2888 1 2 0
I 2853 virtex:INV 1 1475 525 0 1 '
C 2889 1 2 0
C 2862 1 1 0
I 2854 virtex:INV 1 1475 565 0 1 '
C 2873 1 2 0
C 2864 2 1 0
I 2855 virtex:INV 1 1475 400 0 1 '
C 3073 1 2 0
C 2857 2 1 0
I 2856 virtex:INV 1 1475 420 0 1 '
C 2858 2 1 0
C 3070 2 2 0
N 2857
J 1560 410 2
J 1545 410 2
S 2 1
L 1545 410 10 0 3 0 1 0 LP27
N 2858
J 1560 430 2
J 1545 430 2
S 2 1
L 1545 430 10 0 3 0 1 0 LP26
N 2859
J 1545 450 2
J 1560 450 2
S 1 2
L 1545 450 10 0 3 0 1 0 LP25
N 2860
J 1545 470 2
J 1560 470 2
S 1 2
L 1545 470 10 0 3 0 1 0 LP24
N 2861
J 1545 515 2
J 1560 515 2
S 1 2
L 1545 515 10 0 3 0 1 0 LP23
N 2862
J 1545 535 2
J 1560 535 2
S 1 2
L 1545 535 10 0 3 0 1 0 LP22
N 2863
J 1545 555 2
J 1560 555 2
S 1 2
L 1545 555 10 0 3 0 1 0 LP21
N 2864
J 1560 575 2
J 1545 575 2
S 2 1
L 1545 575 10 0 3 0 1 0 LP20
N 2865
J 1665 430 1
J 1630 430 2
S 2 1
L 1615 430 18 0 3 0 1 1 LED6
N 2866
J 1630 410 2
J 1665 410 1
S 1 2
L 1615 410 18 0 3 0 1 1 LED7
N 2867
J 1665 450 1
J 1630 450 2
S 2 1
L 1615 450 18 0 3 0 1 1 LED5
N 2868
J 1630 470 2
J 1665 470 1
S 1 2
L 1615 470 18 0 3 0 1 1 LED4
N 2869
J 1665 555 1
J 1630 555 2
S 2 1
L 1615 555 18 0 3 0 1 1 LED1
N 2870
J 1665 515 1
J 1630 515 2
S 2 1
L 1615 515 18 0 3 0 1 1 LED3
N 2871
J 1665 535 1
J 1630 535 2
S 2 1
L 1615 535 18 0 3 0 1 1 LED2
N 2872
J 1630 575 2
J 1665 575 1
S 1 2
L 1615 575 18 0 3 0 1 1 LED0
N 2873
J 1475 575 2
J 1385 575 1
S 2 1
L 1395 575 10 0 3 0 1 0 VME_PEN
N 2842
J 1475 645 2
J 1385 645 1
S 2 1
L 1390 645 12 0 3 0 1 0 VME_PAROUT8-2
N 2841
J 1385 665 1
J 1475 665 2
S 1 2
L 1390 665 12 0 3 0 1 0 VME_PAROUT8-1
N 2840
J 1475 770 2
J 1385 770 1
S 2 1
L 1395 770 10 0 3 0 1 0 LTOVME
N 2824
J 85 755 1
J 140 755 2
S 1 2
L 90 755 10 0 3 0 1 0 VME_PEN
N 2823
J 85 795 1
J 140 795 2
S 1 2
L 90 795 10 0 3 0 1 0 PCMD2
N 2819
J 150 700 7
J 255 700 8
B 1 2
L 150 705 10 0 3 0 1 0 IN_VMEDAT[15:0]
N 2822
J 390 700 7
J 325 700 8
B 2 1
L 310 705 12 0 3 0 1 0 OUTDATA[15:0]
N 2811
J 150 810 7
J 255 810 8
B 1 2
L 150 815 10 0 3 0 1 0 IN_VMEDAT[31:16]
N 2814
J 390 810 7
J 325 810 8
B 2 1
L 310 815 12 0 3 0 1 0 OUTDATA[15:0]
N 2815
J 85 905 1
J 140 905 2
S 1 2
L 90 905 10 0 3 0 1 0 PCMD1
N 2817
J 85 885 1
J 140 885 2
S 1 2
L 90 885 10 0 3 0 1 0 VME_DEV8
N 2816
J 85 865 1
J 140 865 2
S 1 2
L 90 865 10 0 3 0 1 0 VME_PEN
N 2830
J 85 845 1
J 140 845 2
S 1 2
L 90 845 12 0 3 0 1 0 LTOVME
N 2828
J 140 955 2
J 85 955 1
S 2 1
L 90 955 12 0 3 0 1 0 LTOVME
N 2806
J 140 995 2
J 85 995 1
S 2 1
L 90 995 10 0 3 0 1 0 VME_DEV8
N 2807
J 140 975 2
J 85 975 1
S 2 1
L 90 975 10 0 3 0 1 0 VME_PEN
N 2808
J 140 1015 2
J 85 1015 1
S 2 1
L 90 1015 10 0 3 0 1 0 PCMD0
N 2793
J 1385 810 1
J 1475 810 2
S 1 2
L 1395 810 10 0 3 0 1 0 VME_PEN
N 2757
J 1665 810 1
J 1630 810 2
S 2 1
L 1615 810 18 0 3 0 1 1 LED0
N 2758
J 1630 770 2
J 1665 770 1
S 1 2
L 1615 770 18 0 3 0 1 1 LED2
N 2759
J 1630 750 2
J 1665 750 1
S 1 2
L 1615 750 18 0 3 0 1 1 LED3
N 2760
J 1630 790 2
J 1665 790 1
S 1 2
L 1615 790 18 0 3 0 1 1 LED1
N 2761
J 1665 705 1
J 1630 705 2
S 2 1
L 1615 705 18 0 3 0 1 1 LED4
N 2762
J 1630 685 2
J 1665 685 1
S 1 2
L 1615 685 18 0 3 0 1 1 LED5
N 2763
J 1665 645 1
J 1630 645 2
S 2 1
L 1615 645 18 0 3 0 1 1 LED7
N 2764
J 1630 665 2
J 1665 665 1
S 1 2
L 1615 665 18 0 3 0 1 1 LED6
N 2773
J 1545 810 2
J 1560 810 2
S 1 2
L 1545 810 10 0 3 0 1 0 LP10
N 2774
J 1560 790 2
J 1545 790 2
S 2 1
L 1545 790 10 0 3 0 1 0 LP11
N 2775
J 1560 770 2
J 1545 770 2
S 2 1
L 1545 770 10 0 3 0 1 0 LP12
N 2776
J 1560 750 2
J 1545 750 2
S 2 1
L 1545 750 10 0 3 0 1 0 LP13
N 2777
J 1560 705 2
J 1545 705 2
S 2 1
L 1545 705 10 0 3 0 1 0 LP14
N 2778
J 1560 685 2
J 1545 685 2
S 2 1
L 1545 685 10 0 3 0 1 0 LP15
N 2779
J 1545 665 2
J 1560 665 2
S 1 2
L 1545 665 10 0 3 0 1 0 LP16
N 2780
J 1545 645 2
J 1560 645 2
S 1 2
L 1545 645 10 0 3 0 1 0 LP17
I 2765 virtex:INV 1 1475 655 0 1 '
C 2841 2 2 0
C 2779 1 1 0
I 2767 virtex:INV 1 1475 800 0 1 '
C 2773 1 1 0
C 2793 2 2 0
I 2768 virtex:INV 1 1475 760 0 1 '
C 2775 2 1 0
C 2840 1 2 0
I 2769 virtex:INV 1 1475 740 0 1 '
C 2838 2 2 0
C 2776 2 1 0
I 2770 virtex:INV 1 1475 780 0 1 '
C 2794 2 2 0
C 2774 2 1 0
I 2771 virtex:INV 1 1475 675 0 1 '
C 2835 1 2 0
C 2778 2 1 0
I 2772 virtex:INV 1 1475 695 0 1 '
C 2777 2 1 0
C 2839 1 2 0
I 2783 virtex:BUFE4 1 1560 635 0 1 '
C 2777 1 25 0
C 2761 2 24 0
C 2795 2 4 0
C 2780 2 2 0
C 2763 2 1 0
C 2779 2 21 0
C 2764 1 20 0
C 2778 1 23 0
C 2762 1 22 0
I 2784 virtex:BUFE4 1 1560 740 0 1 '
C 2760 1 22 0
C 2774 1 23 0
C 2758 1 20 0
C 2775 1 21 0
C 2759 1 1 0
C 2776 1 2 0
C 2791 1 4 0
C 2757 2 24 0
C 2773 2 25 0
N 2736
J 1350 905 1
J 1275 905 2
S 2 1
L 1265 905 14 0 3 0 1 0 LED_PAR6
N 2737
J 1275 885 2
J 1350 885 1
S 1 2
L 1265 885 14 0 3 0 1 0 LED_PAR7
N 2738
J 1275 945 2
J 1350 945 1
S 1 2
L 1265 945 14 0 3 0 1 0 LED_PAR4
N 2739
J 1350 925 1
J 1275 925 2
S 2 1
L 1265 925 14 0 3 0 1 0 LED_PAR5
N 2740
J 1350 985 1
J 1275 985 2
S 2 1
L 1265 985 14 0 3 0 1 0 LED_PAR2
N 2741
J 1275 965 2
J 1350 965 1
S 1 2
L 1265 965 14 0 3 0 1 0 LED_PAR3
N 2742
J 1350 1005 1
J 1275 1005 2
S 2 1
L 1265 1005 14 0 3 0 1 0 LED_PAR1
N 2744
J 1155 930 1
J 1155 945 1
J 1155 965 2
J 1155 985 2
J 1155 1005 2
J 1155 1025 2
J 1115 1025 9
J 1115 1005 11
J 1115 985 11
J 1115 965 11
J 1040 955 7
J 1115 955 11
J 1115 945 11
J 1115 930 11
J 1155 900 1
J 1115 900 9
J 1115 915 11
J 1155 915 1
S 14 1
L 1120 930 10 0 3 0 1 0 MODE5
S 13 2
L 1120 945 10 0 3 0 1 0 MODE4
S 10 3
L 1120 965 10 0 3 0 1 0 MODE3
S 9 4
L 1120 985 10 0 3 0 1 0 MODE2
S 8 5
L 1120 1005 10 0 3 0 1 0 MODE1
S 7 6
L 1120 1025 10 0 3 0 1 0 MODE0
B 8 7
B 9 8
B 10 9
B 12 10
B 11 12
L 1045 960 14 0 3 0 1 0 MODE[7:0]
B 13 12
B 14 13
B 17 14
S 16 15
L 1120 900 10 0 3 0 1 0 MODE7
B 16 17
S 17 18
L 1120 915 10 0 3 0 1 0 MODE6
N 2745
J 1050 745 2
J 1010 745 1
S 2 1
L 1015 745 10 0 3 0 1 0 MODE4
N 2746
J 1010 725 1
J 1050 725 2
S 1 2
L 1015 725 10 0 3 0 1 0 MODE5
N 2747
J 1050 705 2
J 1010 705 1
S 2 1
L 1015 705 10 0 3 0 1 0 MODE7
N 2735
J 95 100 2
J 50 100 1
S 2 1
L 55 100 10 0 3 0 1 0 VME_PEN0
N 2729
J 40 360 1
J 95 360 2
S 1 2
L 50 360 10 0 3 0 1 0 COMMAND2
N 2730
J 95 340 2
J 40 340 1
S 2 1
L 50 340 10 0 3 0 1 0 COMMAND3
N 2731
J 40 380 1
J 95 380 2
S 1 2
L 50 380 10 0 3 0 1 0 COMMAND1
N 2733
J 95 400 2
J 40 400 1
S 2 1
L 50 400 10 0 3 0 1 0 COMMAND0
N 2723
J 475 215 2
J 430 215 1
S 2 1
L 440 215 14 0 3 0 1 0 SCLK
I 111 PAGE 1 0 0 0 1 '
N 2716
J 525 400 2
J 470 400 2
S 2 1
L 485 400 10 0 3 0 1 0 VME_PEN1
N 2712
J 305 360 1
J 350 360 2
S 1 2
L 315 360 14 0 3 0 1 0 SCLK
N 2715
J 350 400 2
J 305 400 1
S 2 1
L 310 400 10 0 3 0 1 0 VME_PEN0
N 2724
J 430 255 2
J 475 255 2
S 1 2
L 420 255 10 0 3 0 1 0 VME_PWRITE
I 2734 virtex2p:D4_16E 1 95 60 0 1 '
C 3069 9 24 0
C 3069 8 25 0
C 3069 7 26 0
C 3069 6 27 0
C 3069 5 28 0
C 3069 4 29 0
C 3069 3 30 0
C 3069 2 31 0
C 3069 1 32 0
C 3069 21 33 0
C 3069 23 34 0
C 3069 25 35 0
C 3069 27 36 0
C 3069 29 37 0
C 3069 31 38 0
C 3069 34 39 0
C 2730 1 40 0
C 2729 2 41 0
C 2731 2 42 0
C 2733 1 43 0
C 2735 1 1 0
N 2743
J 1275 1025 2
J 1350 1025 1
S 1 2
L 1265 1025 14 0 3 0 1 0 LED_PAR0
N 2791
J 1560 830 2
J 1480 830 1
S 2 1
L 1490 830 14 0 3 0 1 0 LED_PAR1
I 2812 virtex:BUFE16 1 255 800 0 1 '
C 2814 2 1 0
C 2811 2 2 0
C 2813 3 4 0
I 2820 virtex:BUFE16 1 255 690 0 1 '
C 2822 2 1 0
C 2819 2 2 0
C 2821 3 4 0
I 2827 virtex2p:AND4 1 140 935 0 1 '
C 2800 1 6 0
C 2808 1 1 0
C 2806 1 3 0
C 2807 1 4 0
C 2828 1 5 0
I 2829 virtex2p:AND4 1 140 825 0 1 '
C 2830 2 5 0
C 2816 2 4 0
C 2817 2 3 0
C 2815 2 1 0
C 2813 1 6 0
I 2831 virtex2p:AND4 1 140 715 0 1 '
C 2821 1 6 0
C 2823 2 1 0
C 2825 2 3 0
C 2824 2 4 0
C 2832 1 5 0
N 2832
J 140 735 2
J 85 735 1
S 2 1
L 90 735 12 0 3 0 1 0 LTOVME
N 2800
J 220 985 2
J 240 985 3
J 240 940 3
J 255 940 2
S 3 2
S 3 4
S 1 2
L 210 985 12 0 3 0 1 0 VME_PAROUT8-0
N 2813
J 220 875 2
J 240 875 3
J 255 830 2
J 240 830 3
S 4 2
S 4 3
S 1 2
L 210 875 12 0 3 0 1 0 VME_PAROUT8-1
N 2821
J 220 765 2
J 240 765 3
J 255 720 2
J 240 720 3
S 4 2
S 4 3
S 1 2
L 210 765 12 0 3 0 1 0 VME_PAROUT8-2
N 2838
J 1385 750 1
J 1475 750 2
S 1 2
L 1395 750 10 0 3 0 1 0 PCMD_WR
N 2835
J 1475 685 2
J 1385 685 1
S 2 1
L 1390 685 12 0 3 0 1 0 VME_PAROUT8-0
N 2839
J 1475 705 2
J 1385 705 1
S 2 1
L 1395 705 10 0 3 0 1 0 IN_VME_PDAT
N 2717
J 465 420 1
J 525 420 2
S 1 2
L 470 420 14 0 3 0 1 0 VME_PEN0
N 2882
J 920 390 2
J 950 390 1
S 1 2
L 905 390 10 0 3 0 1 1 DTACK
N 2888
J 1475 515 2
J 1385 515 1
S 2 1
L 1395 515 10 0 3 0 1 1 DTACK
N 2889
J 1475 535 2
J 1385 535 1
S 2 1
L 1395 535 10 0 3 0 1 0 VME_P_DATEN
N 2825
J 85 775 1
J 140 775 2
S 1 2
L 90 775 10 0 3 0 1 0 VME_DEV8
N 2795
J 1480 725 1
J 1560 725 2
S 1 2
L 1490 725 14 0 3 0 1 0 LED_PAR1
N 2875
J 1560 490 2
J 1480 490 1
S 2 1
L 1490 490 14 0 3 0 1 0 LED_PAR2
N 2794
J 1385 790 1
J 1475 790 2
S 1 2
L 1395 790 10 0 3 0 1 0 VME_PEN0
N 2966
J 1415 1005 1
J 1475 1005 2
S 1 2
L 1425 1005 10 0 3 0 1 0 VME_DEV0
N 2965
J 1475 985 2
J 1415 985 1
S 2 1
L 1425 985 10 0 3 0 1 0 VME_DEV1
N 2964
J 1415 940 1
J 1475 940 2
S 1 2
L 1425 940 10 0 3 0 1 0 VME_DEV2
N 2963
J 1475 920 2
J 1415 920 1
S 2 1
L 1425 920 10 0 3 0 1 0 VME_DEV3
N 2967
J 1415 900 1
J 1475 900 2
S 1 2
L 1425 900 10 0 3 0 1 0 VME_DEV4
N 2881
J 790 410 2
J 850 410 2
S 1 2
L 775 410 10 0 3 0 1 0 VME_P_DATEN
N 2975
J 495 360 1
J 535 360 2
S 1 2
L 505 360 14 0 3 0 1 1 DS0
N 2976
J 535 340 2
J 495 340 1
S 2 1
L 505 340 14 0 3 0 1 1 DS1
N 2977
J 495 320 1
J 535 320 2
S 1 2
L 500 320 14 0 3 0 1 0 VRST
N 2979
J 295 330 1
J 350 330 2
S 1 2
L 300 330 14 0 3 0 1 0 VMEP_RST
N 2983
J 295 265 1
J 350 265 2
S 1 2
L 300 265 10 0 3 0 1 0 VME_PEN0
N 2728
J 685 255 1
J 595 255 2
S 2 1
L 580 255 20 0 3 0 1 0 PCMD_WR
N 2711
J 670 410 2
J 605 410 2
S 2 1
L 590 410 20 0 3 0 1 0 VME_PEN
N 2750
J 1130 725 2
J 1155 725 2
S 1 2
L 1125 725 10 0 3 0 1 0 LEDPAR
N 2874
J 1475 555 2
J 1385 555 1
S 2 1
L 1395 555 10 0 3 0 1 0 VME_DEV8
N 2968
J 1475 880 2
J 1415 880 1
S 2 1
L 1425 880 10 0 3 0 1 0 VME_DEV15
N 3070
J 1385 430 1
J 1475 430 2
S 1 2
L 1395 430 10 0 3 0 1 0 VME_DEV9
N 2978
J 670 340 2
J 615 340 2
S 2 1
L 610 340 14 0 3 0 1 0 VMEP_RST
I 2802 virtex:BUFE16 1 255 910 0 1 '
C 2800 4 4 0
C 2803 1 2 0
C 2797 1 1 0
N 2803
J 255 920 8
J 150 920 7
B 2 1
L 150 925 10 0 3 0 1 0 IN_VMEDAT[47:32]
N 2797
J 325 920 8
J 390 920 7
B 1 2
L 310 925 12 0 3 0 1 0 OUTDATA[15:0]
N 3102
J 1070 495 2
J 960 495 1
S 2 1
L 975 495 20 0 3 0 1 0 FMM_ERR
N 3101
J 960 475 1
J 1070 475 2
S 1 2
L 970 475 20 0 3 0 1 0 FMM_SYNC
I 3106 virtex2p:BUF 1 1070 535 0 1 '
C 3107 2 2 0
C 3088 6 1 0
I 3104 virtex2p:BUF 1 1070 510 0 1 '
C 3088 5 1 0
C 3105 1 2 0
N 3092
J 965 445 7
J 1020 430 9
J 1020 445 9
J 1075 430 8
B 2 4
L 1030 435 15 0 3 0 1 1 GA[4:0]
B 2 3
B 1 3
L 970 450 15 0 3 0 1 1 GA[5:0]
I 2766 virtex:INV 1 1475 635 0 1 '
C 2780 1 1 0
C 2842 1 2 0
N 3122
J 490 640 8
J 405 640 7
B 2 1
L 405 645 14 0 3 0 1 0 LIRQ_DAT[15:0]
N 3090
J 1535 375 2
J 1475 375 1
S 2 1
L 1485 375 14 0 3 0 1 0 MY_IRQ
I 3103 virtex2p:OR2 1 1070 455 0 1 '
C 3088 9 10 0
C 3102 1 9 0
C 3101 2 7 0
N 3083
J 1215 180 2
J 1135 180 1
S 2 1
L 1140 180 14 0 3 0 1 0 VMEP_RST
N 3086
J 1335 250 2
J 1395 250 2
S 1 2
L 1335 250 14 0 3 0 1 0 MY_IRQ+1
N 3152
J 740 555 2
J 805 555 3
J 805 570 3
J 825 570 2
S 3 4
S 1 2
L 730 555 14 0 3 0 1 0 CLR_IRQ
S 2 3
I 3173 virtex2p:FDCE 1 825 560 0 1 '
C 3166 2 4 0
C 3142 5 1 0
C 3152 4 6 0
C 3142 3 2 0
C 3147 1 3 0
I 3151 virtex2p:OR2 1 660 525 0 1 '
C 3148 2 7 0
C 3149 1 9 0
C 3152 1 10 0
I 3176 virtex2p:FDPE 1 1165 560 0 1 '
C 3134 2 4 0
C 3163 1 14 0
C 3136 2 1 0
C 3179 4 2 0
C 3135 1 3 0
I 3175 virtex:INV 1 1005 630 0 1 '
C 3136 1 1 0
C 3166 5 2 0
I 3177 virtex2p:OR3 1 985 560 0 1 '
C 3179 3 5 0
C 3166 3 3 0
C 3165 1 4 0
C 3164 2 2 0
N 3179
J 1100 600 3
J 1100 620 3
J 1065 600 2
J 1165 620 2
S 3 1
L 1050 600 12 0 3 0 1 0 IRQ_EN
S 2 4
S 1 2
N 3135
J 1165 600 2
J 1130 600 1
S 2 1
L 1135 600 14 0 3 0 1 0 CLK80
I 3097 INV5 1 1075 420 0 1 '
C 3088 11 1 0
C 3092 4 2 0
N 3147
J 825 600 2
J 785 600 1
S 2 1
L 790 600 14 0 3 0 1 0 CLK80
N 3204
J 455 765 2
J 380 765 1
S 2 1
L 385 765 14 0 3 0 1 0 DDU_READY
I 3207 virtex2p:FDC 1 455 685 0 1 '
C 3210 1 3 0
C 3209 2 6 0
C 3204 1 1 0
C 3208 2 4 0
N 3215
J 540 975 2
J 480 975 2
S 2 1
L 490 975 14 0 3 0 1 1 MY_IRQ
N 3128
J 285 510 2
J 265 510 1
S 2 1
L 270 510 14 0 3 0 1 0 VRST
I 3213 virtex2p:FD16CE 1 540 915 0 1 '
C 3221 1 3 0
C 3215 1 7 0
C 3217 2 8 0
C 3198 2 1 0
C 3184 1 4 0
I 3214 virtex2p:FD16CE 1 540 800 0 1 '
C 3183 1 4 0
C 3199 2 1 0
C 3218 1 8 0
C 3216 2 7 0
C 3222 2 3 0
N 3140
J 245 540 1
J 285 540 2
S 1 2
L 250 540 14 0 3 0 1 0 CLK80
N 3118
J 1140 335 1
J 1200 335 2
S 1 2
L 1150 335 14 0 3 0 1 0 MY_IRQ+1
N 3077
J 1515 250 2
J 1575 250 2
S 1 2
L 1500 250 10 0 3 0 1 0 VME_IRQ_DATEN
I 3126 virtex2p:FD16CE 1 285 500 0 1 '
C 3124 1 4 0
C 3125 2 1 0
C 3128 1 8 0
C 3233 2 7 0
C 3140 2 3 0
I 3226 virtex2p:COMPM16 1 490 540 0 1 '
C 3143 2 23 0
X 24 0
C 3122 1 19 0
C 3124 2 22 0
I 2749 virtex:D4_16E 1 1155 685 0 1 '
C 2743 1 24 0
C 2742 2 25 0
C 2740 2 26 0
C 2741 1 27 0
C 2738 1 28 0
C 2739 2 29 0
C 2736 2 30 0
C 2737 1 31 0
X 32 0
X 33 0
X 34 0
X 35 0
X 36 0
X 37 0
X 38 0
X 39 0
C 2744 3 40 0
C 2744 4 41 0
C 2744 5 42 0
C 2744 6 43 0
C 2750 2 1 0
I 2751 virtex2p:AND3B1 1 1050 685 0 1 '
C 2750 1 7 0
C 2745 1 1 0
C 2746 2 2 0
C 2747 1 3 0
N 3119
J 1330 335 2
J 1270 335 2
S 2 1
L 1280 335 10 0 3 0 1 1 MY_IRQ+1
N 3125
J 200 580 7
J 285 580 8
B 1 2
L 200 585 14 0 3 0 1 0 LIRQ_DAT[15:0]
N 3230
J 80 640 1
J 165 640 2
S 1 2
L 85 640 10 0 3 0 1 0 VME_IRQ_DATEN
N 3079
J 1155 250 1
J 1215 250 2
S 1 2
L 1165 250 14 0 3 0 1 0 MY_IRQ
N 3166
J 980 640 5
J 945 640 2
J 985 620 2
J 980 620 3
J 1005 640 2
S 4 3
S 4 1
S 1 5
S 2 1
L 935 640 20 0 3 0 1 0 IRQ
I 3117 virtex:INV 1 1200 325 0 1 '
C 3118 2 2 0
C 3119 2 1 0
I 3219 virtex2p:FD16CE 1 1330 275 0 1 '
C 3220 1 3 0
C 3119 1 7 0
C 3120 2 8 0
C 3088 3 1 0
C 3116 1 4 0
I 3087 virtex:BUFE16 1 1535 345 0 1 '
C 3090 1 4 0
C 3116 2 2 0
C 3089 2 1 0
I 3169 virtex2p:FDR 1 1215 170 0 1 '
C 3083 1 6 0
C 3086 1 4 0
C 3079 2 1 0
C 3167 2 3 0
I 3080 virtex2p:FDC 1 1395 170 0 1 '
C 3077 1 4 0
C 3086 2 1 0
C 3074 1 6 0
C 3168 1 3 0
I 3082 virtex2p:BUFE 1 1575 220 0 1 '
C 3075 2 6 0
C 3076 1 8 0
C 3077 2 7 0
I 2713 virtex2p:FDC 1 350 320 0 1 '
C 2716 2 4 0
C 2715 1 1 0
C 2979 2 6 0
C 2712 2 3 0
I 2714 virtex2p:AND2 1 525 380 0 1 '
C 2711 2 20 0
C 2717 2 18 0
C 2716 1 19 0
I 2969 virtex2p:OR3 1 535 300 0 1 '
C 2977 2 2 0
C 2976 1 4 0
C 2975 2 3 0
C 2978 2 5 0
I 2885 virtex2p:FDC 1 670 330 0 1 '
C 2881 1 4 0
C 2711 1 1 0
C 2978 1 6 0
C 2886 2 3 0
I 2880 virtex2p:GND 1 795 410 3 1 '
C 2883 1 4 0
I 2879 virtex2p:BUFE 1 850 380 0 1 '
C 2883 2 6 0
C 2882 1 8 0
C 2881 2 7 0
I 2721 virtex2p:FDC 1 475 175 0 1 '
C 2723 1 3 0
C 2980 1 6 0
C 2724 2 1 0
C 2728 2 4 0
I 2973 virtex2p:AND4B2 1 350 205 0 1 '
C 2984 1 5 0
C 2985 1 4 0
C 2983 2 3 0
C 2982 2 1 0
C 2724 1 6 0
I 3344 BUFE5 1 995 160 0 1 '
C 3334 1 22 0
C 3339 1 23 0
C 3333 2 20 0
C 3340 1 21 0
C 3341 1 1 0
C 3327 1 2 0
C 3319 1 4 0
C 3336 1 24 0
C 3338 1 25 0
C 3335 1 27 0
C 3337 1 26 0
N 3319
J 995 270 2
J 860 270 1
S 2 1
L 870 270 14 0 3 0 1 0 LED_MODE12
N 3237
J 820 250 1
J 910 250 2
S 1 2
L 825 250 14 0 3 0 1 0 DDU_READY+1
N 3238
J 835 230 1
J 910 230 2
S 1 2
L 845 230 14 0 3 0 1 0 NEW_ERR
N 3239
J 910 210 2
J 860 210 1
S 2 1
L 870 210 14 0 3 0 1 0 SET_IRQ
N 3240
J 860 190 1
J 910 190 2
S 1 2
L 870 190 20 0 3 0 1 0 IRQ
N 3236
J 910 170 2
J 860 170 1
S 2 1
L 870 170 14 0 3 0 1 0 MY_IRQ
I 3322 virtex:BUFE16 1 945 90 0 1 '
C 3321 1 4 0
C 3234 1 2 0
C 3320 1 1 0
I 3081 virtex2p:GND 1 1520 250 3 1 '
C 3075 1 4 0
N 3075
J 1560 230 2
J 1575 230 2
S 1 2
I 3345 virtex2p:AND3 1 685 600 0 1 '
C 3142 1 7 0
C 3208 4 1 0
C 3182 1 2 0
C 3143 1 3 0
I 3348 BIT_COUNTER 1 805 820 0 1 '
C 3229 1 3 0
C 3183 4 1 0
C 3350 2 2 0
N 3222
J 500 840 1
J 540 840 2
S 1 2
L 505 840 14 0 3 0 1 0 CLK80
T 695 40 20 0 3 VME Communication Interface
Q 11 0 0
T 695 20 20 0 3 DDU VME Controller Logic
Q 11 0 0
T 696 -2 20 0 3 CMS CSC Electronics
Q 11 0 0
T 1295 35 25 0 3 1
Q 11 0 0
T 1149 30 25 0 3 JRG
Q 11 0 0
T 1495 30 25 0 3 D785
Q 11 0 0
T 20 475 30 0 3 Parallel VME_ADR: slot[23-19]typ[18-16]dev[15-12]free[11-10]cmd[
+ 9-2]res[1-0]
Q 11 0 0
T 1645 25 25 0 7 2L
Q 11 0 0
T 30 1030 60 0 3 Parallel Register Readout
Q 14 0 0
T 295 450 20 0 3 Dev<8: Read Only, no CMD req'd.   Dev>=8 needs CMD, CMD>=128 is
+  Write
Q 11 0 0
T 635 1025 20 0 3 Count how many CSC Reset bits are set:
Q 11 0 0
U 1550 0 20 0 3 3 @SHEET=12
U 1530 0 20 0 9 3 @NAME=VMECNTRL
U 1350 0 20 0 9 3 @DATETIME=12-15-2005_13:50
I 3347 BIT_COUNTER 1 805 900 0 1 '
C 3349 1 2 0
C 3184 4 1 0
C 3229 4 3 0
E
