V 51
K 7468887480 tst1
Y 0
D 0 0 1700 1100
Z 1
i 5552
N 5552
J 1205 775 2
J 1235 775 2
S 1 2
I 5550 virtex2p:FDRE 1 1235 715 0 1 '
C 5517 2 3 0
C 5552 2 2 0
C 5386 1 1 0
C 5518 4 4 0
C 5549 2 6 0
N 5547
J 815 465 2
J 740 465 1
S 2 1
L 745 465 14 0 3 0 1 0 WEN_PIPE
N 5544
J 35 925 1
J 75 925 2
S 1 2
L 40 925 14 0 3 0 1 0 CTRL16
I 5543 virtex2p:AND3 1 380 625 0 1 '
C 5486 1 3 0
C 5401 2 2 0
C 5351 2 1 0
C 5388 2 7 0
N 5541
J 520 465 2
J 405 465 2
S 2 1
L 405 465 14 0 3 0 1 0 MIN_IDLES_REACHED
N 5538
J 130 485 2
J 80 485 1
S 2 1
L 90 485 14 0 3 0 1 0 RST
N 5537
J 30 505 1
J 130 505 2
S 1 2
L 40 505 18 0 3 0 1 0 FORCE_IDLE
N 5534
J 255 425 1
J 285 425 2
S 1 2
L 265 425 14 0 3 0 1 0 CLK
N 5522
J 550 405 2
J 415 405 1
S 2 1
L 425 405 18 0 3 0 1 0 FORCE_IDLE
N 5502
J 790 370 1
J 820 370 2
S 1 2
L 800 370 14 0 3 0 1 0 CLK
N 5504
J 1010 410 7
J 940 410 8
B 2 1
L 935 415 14 0 3 0 1 0 FIDLE_CNT[7:0]
N 5484
J 760 445 1
J 815 445 2
S 1 2
L 770 445 14 0 3 0 1 0 RST
N 5473
J 450 560 2
J 335 560 1
S 2 1
L 345 560 14 0 3 0 1 0 PREAMB_CNT2
N 5464
J 25 745 1
J 140 745 2
S 1 2
L 30 745 18 0 3 0 1 0 FORCE_IDLE
N 5460
J 100 580 1
J 145 580 2
S 1 2
L 105 580 14 0 3 0 1 0 BUSY
N 5458
J 400 610 1
J 265 610 2
S 2 1
L 265 610 18 0 3 0 1 0 EN_FORCE_IDLE
N 5454
J 1115 525 1
J 1215 525 2
S 1 2
L 1125 525 18 0 3 0 1 0 FORCE_IDLE
N 5450
J 1215 545 2
J 1115 545 2
S 2 1
L 1115 545 18 0 3 0 1 0 LFORCE_IDLE
N 5420
J 795 865 1
J 915 865 2
S 1 2
L 805 865 18 0 3 0 1 1 LEXT_STOP_R
N 5416
J 915 845 2
J 795 845 1
S 2 1
L 805 845 14 0 3 0 1 0 DCC_LNK_RDY
N 5406
J 225 890 2
J 175 890 1
S 2 1
L 185 890 12 0 3 0 1 0 RST_EOE
N 5407
J 225 820 2
J 185 820 1
S 2 1
L 195 820 15 0 3 0 1 0 CLK
I 5359 virtex2p:CB8CE 1 420 705 0 1 '
X 16 0
C 5360 9 4 0
C 5366 2 15 0
C 5358 2 3 0
C 5353 2 14 0
X 13 0
N 5351
J 300 685 2
J 380 685 2
S 1 2
L 285 685 18 0 3 0 1 0 WANT_REN
N 5349
J 190 685 1
J 230 685 2
S 1 2
L 195 685 14 0 3 0 1 0 CTRL19
N 5346
J 515 925 2
J 440 925 1
S 2 1
L 445 925 14 0 3 0 1 0 RST_SYNC_RST
N 5343
J 785 985 2
J 855 985 1
S 1 2
L 780 985 14 0 3 0 1 0 SYNC_RST
N 5340
J 135 990 2
J 90 990 1
S 2 1
L 100 990 14 0 3 0 1 0 CLK40
N 5333
J 270 955 1
J 355 955 2
S 1 2
L 280 955 14 0 3 0 1 0 TF_CRATE
N 5327
J 470 955 1
J 515 955 2
S 1 2
L 480 955 14 0 3 0 1 0 CLK
N 5206
J 55 130 1
J 105 130 2
S 1 2
L 60 130 14 0 3 0 1 0 LINFERR
N 5204
J 385 70 2
J 305 70 1
S 2 1
L 310 70 14 0 3 0 1 0 DMBLIVE_ERR
N 5203
J 105 210 2
J 30 210 1
S 2 1
L 35 210 14 0 3 0 1 0 DAQ_WAIT
N 5202
J 970 110 1
J 1065 110 2
S 1 2
L 980 110 12 0 3 0 1 0 DDU_LOST_SYNC
N 5198
J 1060 225 2
J 980 225 1
S 2 1
L 990 225 14 0 3 0 1 0 TTS_STAT1
N 5199
J 980 205 1
J 1060 205 2
S 1 2
L 990 205 14 0 3 0 1 0 TTS_STAT2
N 5197
J 385 125 8
J 295 125 7
B 2 1
L 295 127 14 0 3 0 1 0 IN_RD_WARN[5:0]
N 5196
J 105 255 8
J 15 255 7
B 2 1
L 15 257 14 0 3 0 1 0 IN_RD_SYNC[5:0]
N 4981
J 295 165 7
J 385 165 8
B 1 2
L 295 167 14 0 3 0 1 0 IN_RD_ERR[3:0]
N 4977
J 385 205 8
J 295 205 7
B 2 1
L 295 207 14 0 3 0 1 0 IN_RD_BUSY[3:0]
I 5181 virtex:BUF 1 1085 1035 0 1 '
C 5182 2 2 0
C 5180 2 1 0
N 5182
J 1045 1045 1
J 1085 1045 2
S 1 2
L 1055 1045 14 0 3 0 1 0 CTRL12
N 5171
J 1185 365 8
J 1100 365 8
B 2 1
L 1100 370 14 0 3 0 1 0 REALFMM[3:0]
N 5159
J 1380 365 8
J 1305 365 8
B 2 1
L 1295 370 14 0 3 0 1 0 REAL_TTS[3:0]
N 5175
J 1185 325 2
J 1155 325 1
S 2 1
L 1165 325 14 0 3 0 1 0 CLK
N 5150
J 1110 980 2
J 1040 980 1
S 2 1
L 1045 980 14 0 3 0 1 0 CTRL1
N 5151
J 1300 980 1
J 1230 980 2
S 2 1
L 1235 980 14 0 3 0 1 0 LDOFW+2
N 5160
J 1380 325 2
J 1360 325 1
S 2 1
L 1365 325 10 0 3 0 1 0 CLK
N 5163
J 1380 295 2
J 1330 295 1
S 2 1
L 1335 295 14 0 3 0 1 0 SOFTRST
N 5145
J 1635 450 1
J 1580 450 2
S 2 1
L 1560 450 20 0 3 0 1 0 LA1_14
N 5146
J 1580 430 2
J 1635 430 1
S 1 2
L 1560 430 20 0 3 0 1 0 LA1_15
N 5143
J 1580 490 2
J 1635 490 1
S 1 2
L 1560 490 20 0 3 0 1 0 LA1_12
N 5144
J 1635 470 1
J 1580 470 2
S 2 1
L 1560 470 20 0 3 0 1 0 LA1_13
N 5142
J 1575 545 2
J 1630 545 1
S 1 2
L 1555 545 20 0 3 0 1 0 LA1_11
N 5119
J 1510 510 2
J 1420 510 1
S 2 1
L 1425 510 14 0 3 0 1 0 LED_MODE15
N 5120
J 1630 605 1
J 1575 605 2
S 2 1
L 1555 605 20 0 3 0 1 0 LA1_8
N 5122
J 1415 625 1
J 1505 625 2
S 1 2
L 1420 625 14 0 3 0 1 0 LED_MODE15
I 5131 virtex:BUFE4 1 1505 535 0 1 '
C 5121 1 22 0
C 5116 2 23 0
C 5141 2 20 0
C 5115 2 21 0
C 5142 1 1 0
C 5114 2 2 0
C 5122 2 4 0
C 5120 2 24 0
C 5147 2 25 0
I 5132 virtex:BUFE4 1 1510 420 0 1 '
C 5113 2 25 0
C 5143 1 24 0
C 5119 1 4 0
C 5111 2 2 0
C 5146 1 1 0
C 5112 2 21 0
C 5145 2 20 0
C 5117 1 23 0
C 5144 2 22 0
N 5111
J 1435 430 1
J 1510 430 2
S 1 2
L 1440 430 10 0 3 0 1 0 SINGLE_ERROR
N 5112
J 1435 450 1
J 1510 450 2
S 1 2
L 1445 450 14 0 3 0 1 0 L1A_ERROR
N 5113
J 1435 490 1
J 1510 490 2
S 1 2
L 1445 490 14 0 3 0 1 0 MOREDATA
N 5114
J 1435 545 1
J 1505 545 2
S 1 2
L 1440 545 14 0 3 0 1 0 DLFIFO_MT
N 5115
J 1435 565 1
J 1505 565 2
S 1 2
L 1440 565 14 0 3 0 1 0 LGOODFW
N 5100
J 1630 720 1
J 1575 720 2
S 2 1
L 1555 720 20 0 3 0 1 0 LA1_4
N 5101
J 1575 700 2
J 1630 700 1
S 1 2
L 1555 700 20 0 3 0 1 0 LA1_5
N 5102
J 1630 660 1
J 1575 660 2
S 2 1
L 1555 660 20 0 3 0 1 0 LA1_7
N 5103
J 1575 680 2
J 1630 680 1
S 1 2
L 1555 680 20 0 3 0 1 0 LA1_6
N 5098
J 1625 795 1
J 1570 795 2
S 2 1
L 1550 795 20 0 3 0 1 0 LA1_2
N 5099
J 1570 775 2
J 1625 775 1
S 1 2
L 1550 775 20 0 3 0 1 0 LA1_3
I 5089 virtex:BUFE4 1 1505 650 0 1 '
C 5101 1 22 0
C 5084 2 23 0
C 5103 1 20 0
C 5085 1 21 0
C 5102 2 1 0
C 5086 2 2 0
C 5095 2 4 0
C 5100 2 24 0
C 5082 1 25 0
I 5090 virtex:BUFE4 1 1500 765 0 1 '
C 5079 2 25 0
C 5096 1 24 0
C 5094 1 4 0
C 5080 2 2 0
C 5099 1 1 0
C 5083 1 21 0
C 5098 2 20 0
C 5081 2 23 0
C 5097 2 22 0
N 5077
J 1630 80 2
J 1665 80 1
S 1 2
L 1615 80 18 0 3 0 1 1 LED7
N 5078
J 1665 100 1
J 1630 100 2
S 2 1
L 1615 100 18 0 3 0 1 1 LED6
I 5075 virtex:INV 1 1475 70 0 1 '
C 5076 1 1 0
C 5066 1 2 0
N 5076
J 1545 80 2
J 1560 80 2
S 1 2
L 1545 80 10 0 3 0 1 0 LD157
I 5073 virtex:INV 1 1475 90 0 1 '
C 5065 2 2 0
C 5074 2 1 0
N 5074
J 1560 100 2
J 1545 100 2
S 2 1
L 1545 100 10 0 3 0 1 0 LD156
N 5031
J 1545 140 2
J 1560 140 2
S 1 2
L 1545 140 10 0 3 0 1 0 LD154
N 5035
J 1630 140 2
J 1665 140 1
S 1 2
L 1615 140 18 0 3 0 1 1 LED4
N 5069
J 1470 160 1
J 1560 160 2
S 1 2
L 1475 160 14 0 3 0 1 0 LED_MODE15
N 5072
J 1630 260 2
J 1665 260 1
S 1 2
L 1615 260 18 0 3 0 1 1 LED0
N 5070
J 1545 260 2
J 1560 260 2
S 1 2
L 1545 260 10 0 3 0 1 0 LD150
N 5059
J 1380 940 1
J 1480 930 2
J 1470 930 3
J 1470 940 3
S 1 4
L 1385 940 14 0 3 0 1 0 LED_MODE15
S 3 4
S 3 2
N 5052
J 1550 970 2
J 1625 970 1
S 1 2
L 1530 970 20 0 3 0 1 0 LA0_17
N 5028
J 1545 220 2
J 1560 220 2
S 1 2
L 1545 220 10 0 3 0 1 0 LD152
N 5030
J 1545 200 2
J 1560 200 2
S 1 2
L 1545 200 10 0 3 0 1 0 LD153
N 5033
J 1665 220 1
J 1630 220 2
S 2 1
L 1615 220 18 0 3 0 1 1 LED2
N 5036
J 1665 200 1
J 1630 200 2
S 2 1
L 1615 200 18 0 3 0 1 1 LED3
N 5044
J 1395 240 1
J 1475 240 2
S 1 2
L 1400 240 14 0 3 0 1 0 LOCKED
N 5045
J 1475 220 2
J 1395 220 1
S 2 1
L 1400 220 14 0 3 0 1 0 DLL_LOCK2
N 5046
J 1475 200 2
J 1395 200 1
S 2 1
L 1400 200 14 0 3 0 1 0 DLL_LOCK3
N 5047
J 1475 140 2
J 1395 140 1
S 2 1
L 1400 140 14 0 3 0 1 0 DDU_DLL_ERR
N 5048
J 1395 120 1
J 1475 120 2
S 1 2
L 1400 120 14 0 3 0 1 0 ETH_DLL_ERR
N 5025
J 1255 70 1
J 1220 70 2
S 2 1
L 1205 70 18 0 3 0 1 1 LED7
N 5026
J 1220 90 2
J 1255 90 1
S 1 2
L 1205 90 18 0 3 0 1 1 LED6
N 5021
J 1135 90 2
J 1150 90 2
S 1 2
L 1135 90 10 0 3 0 1 0 LD106
N 5022
J 1135 70 2
J 1150 70 2
S 1 2
L 1135 70 10 0 3 0 1 0 LD107
I 5023 virtex:INV 1 1065 80 0 1 '
C 5187 2 2 0
C 5021 1 1 0
N 5010
J 1250 245 1
J 1215 245 2
S 2 1
L 1200 245 18 0 3 0 1 1 LED0
N 5012
J 1130 245 2
J 1145 245 2
S 1 2
L 1130 245 10 0 3 0 1 0 LD100
N 5009
J 1060 150 1
J 1150 150 2
S 1 2
L 1070 150 14 0 3 0 1 0 LED_MODE10
N 4985
J 1215 205 2
J 1250 205 1
S 1 2
L 1200 205 18 0 3 0 1 1 LED2
N 4987
J 1215 185 2
J 1250 185 1
S 1 2
L 1200 185 18 0 3 0 1 1 LED3
N 4988
J 1255 130 1
J 1220 130 2
S 2 1
L 1205 130 18 0 3 0 1 1 LED4
N 4989
J 1220 110 2
J 1255 110 1
S 1 2
L 1205 110 18 0 3 0 1 1 LED5
N 4991
J 1145 205 2
J 1130 205 2
S 2 1
L 1130 205 10 0 3 0 1 0 LD102
N 4992
J 1145 185 2
J 1130 185 2
S 2 1
L 1130 185 10 0 3 0 1 0 LD103
I 5001 virtex:INV 1 1060 195 0 1 '
C 4991 2 1 0
C 5199 2 2 0
I 5002 virtex:INV 1 1060 175 0 1 '
C 5190 1 2 0
C 4992 2 1 0
I 4955 FD16 1 605 140 0 1 '
C 4968 1 2 0
C 4954 5 23 0
C 4957 1 22 0
I 4956 virtex:BUFE16 1 800 210 0 1 '
C 4958 1 1 0
C 4957 2 2 0
C 4967 1 4 0
N 4967
J 800 240 2
J 790 240 3
J 790 250 3
J 710 250 1
S 2 1
S 2 3
S 4 3
L 720 250 14 0 3 0 1 0 LED_MODE10
N 4899
J 30 230 1
J 105 230 2
S 1 2
L 35 230 14 0 3 0 1 0 FF_ERR
N 4901
J 30 190 1
J 105 190 2
S 1 2
L 35 190 14 0 3 0 1 0 PAF_ERR
N 4902
J 40 295 7
J 105 295 8
B 1 2
L 45 300 14 0 3 0 1 0 FFULL[3:0]
N 4925
J 305 270 1
J 325 270 2
S 1 2
L 310 270 10 0 3 0 1 0 CLK
I 111 PAGE 1 0 0 0 1 '
I 4909 virtex:BUF 1 105 220 0 1 '
C 4916 3 1 0
C 4899 2 2 0
I 4911 virtex:BUF 1 105 200 0 1 '
C 5203 1 2 0
C 4916 4 1 0
I 4912 virtex:BUF 1 105 180 0 1 '
C 4916 5 1 0
C 4901 2 2 0
I 4913 virtex:BUF 1 105 160 0 1 '
C 5323 1 2 0
C 4916 6 1 0
I 4914 virtex:BUF 1 105 140 0 1 '
C 4916 7 1 0
C 4906 1 2 0
I 4915 virtex:BUF 1 105 120 0 1 '
C 5206 2 2 0
C 4916 8 1 0
I 4908 BUF4 1 105 285 0 1 '
C 4916 1 1 0
C 4902 2 2 0
I 4910 BUF6 1 105 245 0 1 '
C 4916 2 1 0
C 5196 1 2 0
N 4930
J 655 310 7
J 590 310 8
B 2 1
L 570 315 20 0 3 0 1 0 LA0_[15:0]
I 4928 virtex:BUFE16 1 520 300 0 1 '
C 4929 3 4 0
C 4927 1 2 0
C 4930 2 1 0
I 4926 FD16 1 325 230 0 1 '
C 4927 2 22 0
C 4916 9 23 0
C 4925 2 2 0
N 4916
J 175 295 8
J 175 255 8
J 175 230 2
J 175 210 2
J 175 190 2
J 175 170 2
J 175 150 2
J 175 130 2
J 325 310 8
J 255 310 9
J 255 295 11
J 255 255 11
J 255 230 11
J 255 210 11
J 255 190 11
J 255 170 11
J 255 130 9
J 255 150 11
S 3 13
L 185 230 10 0 3 0 1 0 BUFSTAT10
S 4 14
L 185 210 10 0 3 0 1 0 BUFSTAT11
S 5 15
L 185 190 10 0 3 0 1 0 BUFSTAT12
S 6 16
L 185 170 10 0 3 0 1 0 BUFSTAT13
S 7 18
L 185 150 10 0 3 0 1 0 BUFSTAT14
S 8 17
L 185 130 10 0 3 0 1 0 BUFSTAT15
B 17 18
B 18 16
B 16 15
B 15 14
B 14 13
B 13 12
B 12 11
B 11 10
B 10 9
L 210 315 20 0 3 0 1 0 BUFSTAT[15:0]
B 2 12
L 165 260 14 0 3 0 1 0 BUFSTAT[9:4]
B 1 11
L 165 300 14 0 3 0 1 0 BUFSTAT[3:0]
N 4958
J 870 220 8
J 935 220 7
B 1 2
L 850 225 20 0 3 0 1 0 LA1_[15:0]
N 4957
J 725 220 8
J 800 220 8
B 1 2
L 710 225 14 0 3 0 1 0 BSOUT[31:16]
I 4980 BUF4 1 385 155 0 1 '
C 4954 8 1 0
C 4981 2 2 0
I 4960 BUF4 1 385 195 0 1 '
C 4977 1 2 0
C 4954 4 1 0
I 4979 BUF6 1 385 115 0 1 '
C 5197 1 2 0
C 4954 3 1 0
N 4998
J 1145 265 2
J 1055 265 1
S 2 1
L 1065 265 14 0 3 0 1 0 LED_MODE10
N 4990
J 1145 225 2
J 1130 225 2
S 2 1
L 1130 225 10 0 3 0 1 0 LD101
I 5000 virtex:INV 1 1060 215 0 1 '
C 5198 1 2 0
C 4990 2 1 0
N 4986
J 1215 225 2
J 1250 225 1
S 1 2
L 1200 225 18 0 3 0 1 1 LED1
I 5008 virtex:BUFE4 1 1150 60 0 1 '
C 4993 1 25 0
C 4988 2 24 0
C 5009 2 4 0
C 5022 2 2 0
C 5025 2 1 0
C 5021 2 21 0
C 5026 1 20 0
C 4984 1 23 0
C 4989 1 22 0
I 5013 virtex2p:BUF 1 385 85 0 1 '
C 4954 12 1 0
C 5205 1 2 0
I 5015 virtex2p:BUF 1 385 60 0 1 '
C 5204 1 2 0
C 4954 1 1 0
I 5004 virtex:INV 1 1065 100 0 1 '
C 5202 2 2 0
C 4984 2 1 0
I 5003 virtex:INV 1 1065 120 0 1 '
C 4993 2 1 0
C 5201 1 2 0
N 4984
J 1150 110 2
J 1135 110 2
S 2 1
L 1135 110 10 0 3 0 1 0 LD105
N 4993
J 1150 130 2
J 1135 130 2
S 2 1
L 1135 130 10 0 3 0 1 0 LD104
N 4954
J 455 70 2
J 535 70 9
J 455 125 8
J 455 205 8
J 605 220 8
J 535 220 9
J 535 205 11
J 455 165 8
J 535 165 11
J 535 125 11
J 535 95 11
J 455 95 2
S 1 2
L 455 70 14 0 3 0 1 0 BSTAT15
B 2 11
B 3 10
L 455 130 14 0 3 0 1 0 BSTAT[13:8]
B 4 7
L 455 210 14 0 3 0 1 0 BSTAT[3:0]
B 6 5
L 490 225 20 0 3 0 1 0 BSTAT[15:0]
B 7 6
B 9 7
B 8 9
L 455 170 14 0 3 0 1 0 BSTAT[7:4]
B 10 9
B 11 10
S 12 11
L 455 95 14 0 3 0 1 0 BSTAT14
I 5057 virtex:BUFE16 1 1480 900 0 1 '
C 5058 1 1 0
C 5050 1 2 0
C 5059 2 4 0
I 5054 virtex:BUFE 1 1480 960 0 1 '
C 5053 5 7 0
C 5052 1 8 0
C 5050 5 6 0
N 5038
J 1560 280 2
J 1470 280 1
S 2 1
L 1475 280 14 0 3 0 1 0 LED_MODE15
N 5037
J 1560 240 2
J 1545 240 2
S 2 1
L 1545 240 10 0 3 0 1 0 LD151
N 5032
J 1665 240 1
J 1630 240 2
S 2 1
L 1615 240 18 0 3 0 1 1 LED1
I 5071 virtex:INV 1 1475 250 0 1 '
C 5064 2 2 0
C 5070 1 1 0
I 5067 virtex:BUFE4 1 1560 190 0 1 '
C 5070 2 25 0
C 5072 1 24 0
C 5038 1 4 0
C 5030 2 2 0
C 5036 2 1 0
C 5028 2 21 0
C 5033 2 20 0
C 5037 1 23 0
C 5032 2 22 0
I 5043 virtex:INV 1 1475 230 0 1 '
C 5037 2 1 0
C 5044 2 2 0
I 5039 virtex:INV 1 1475 210 0 1 '
C 5045 1 2 0
C 5028 1 1 0
I 5041 virtex:INV 1 1475 190 0 1 '
C 5030 1 1 0
C 5046 1 2 0
I 5042 virtex:INV 1 1475 130 0 1 '
C 5047 1 2 0
C 5031 1 1 0
I 5068 virtex:BUFE4 1 1560 70 0 1 '
C 5034 2 22 0
C 5029 2 23 0
C 5078 2 20 0
C 5074 1 21 0
C 5077 1 1 0
C 5076 2 2 0
C 5069 2 4 0
C 5035 1 24 0
C 5031 2 25 0
N 5029
J 1545 120 2
J 1560 120 2
S 1 2
L 1545 120 10 0 3 0 1 0 LD155
I 5040 virtex:INV 1 1475 110 0 1 '
C 5029 1 1 0
C 5048 2 2 0
N 5034
J 1665 120 1
J 1630 120 2
S 2 1
L 1615 120 18 0 3 0 1 1 LED5
N 5064
J 1395 260 1
J 1475 260 2
S 1 2
L 1400 260 12 0 3 0 1 0 SYSTEM_RDY
N 5065
J 1395 100 1
J 1475 100 2
S 1 2
L 1405 100 12 0 3 0 1 0 SD_OK
N 5066
J 1475 80 2
J 1395 80 1
S 2 1
L 1405 80 12 0 3 0 1 0 ID_OK
I 5055 virtex:BUFE 1 1480 995 0 1 '
C 5050 3 6 0
C 5051 2 8 0
C 5053 4 7 0
N 5050
J 1480 910 8
J 1340 910 9
J 1480 1005 2
J 1340 1005 11
J 1480 970 2
J 1340 970 11
J 1275 1020 7
J 1340 1020 9
B 2 1
L 1390 915 20 0 3 0 1 0 JD[15:0]
B 6 4
S 6 5
L 1395 970 14 0 3 0 1 0 JD17
B 4 8
S 4 3
L 1395 1005 14 0 3 0 1 0 JD16
B 2 6
B 7 8
L 1280 1025 20 0 3 0 1 0 JD[17:0]
N 4927
J 520 310 8
J 445 310 8
B 2 1
L 430 315 14 0 3 0 1 0 BSOUT[15:0]
N 5083
J 1500 795 2
J 1425 795 1
S 2 1
L 1430 795 12 0 3 0 1 0 LSECOND_HDR
N 5085
J 1505 680 2
J 1425 680 1
S 2 1
L 1430 680 12 0 3 0 1 0 2ND_HDR_1ST
N 5053
J 1380 1035 1
J 1470 1035 3
J 1470 1025 5
J 1480 1025 2
J 1480 990 2
J 1470 990 3
S 3 2
S 6 5
S 6 3
S 3 4
S 1 2
L 1385 1035 14 0 3 0 1 0 LED_MODE15
N 5081
J 1425 815 1
J 1500 815 2
S 1 2
L 1430 815 12 0 3 0 1 0 FIRST_HDR
N 5080
J 1425 775 1
J 1500 775 2
S 1 2
L 1430 775 12 0 3 0 1 0 STAT_CODE
N 5079
J 1425 835 1
J 1500 835 2
S 1 2
L 1430 835 12 0 3 0 1 0 FIRST_DAT
N 5086
J 1425 660 1
J 1505 660 2
S 1 2
L 1430 660 14 0 3 0 1 0 LVB15
N 5084
J 1425 700 1
J 1505 700 2
S 1 2
L 1430 700 12 0 3 0 1 0 FIRSTDAT_ERR
N 5094
J 1500 855 2
J 1410 855 1
S 2 1
L 1415 855 14 0 3 0 1 0 LED_MODE15
N 5051
J 1625 1005 1
J 1550 1005 2
S 2 1
L 1530 1005 20 0 3 0 1 0 LA0_16
N 5097
J 1625 815 1
J 1570 815 2
S 2 1
L 1550 815 20 0 3 0 1 0 LA1_1
N 5096
J 1570 835 2
J 1625 835 1
S 1 2
L 1550 835 20 0 3 0 1 0 LA1_0
N 5058
J 1550 910 8
J 1615 910 7
B 1 2
L 1530 915 20 0 3 0 1 0 LA0_[15:0]
N 5095
J 1415 740 1
J 1505 740 2
S 1 2
L 1420 740 14 0 3 0 1 0 LED_MODE15
N 5121
J 1575 585 2
J 1630 585 1
S 1 2
L 1555 585 20 0 3 0 1 0 LA1_9
N 5141
J 1630 565 1
J 1575 565 2
S 2 1
L 1555 565 20 0 3 0 1 0 LA1_10
N 5117
J 1510 470 2
J 1435 470 1
S 2 1
L 1445 470 14 0 3 0 1 0 LINL1ERR
N 5147
J 1435 605 1
J 1505 605 2
S 1 2
L 1440 605 14 0 3 0 1 0 GOLDDAT
N 5116
J 1435 585 1
J 1505 585 2
S 1 2
L 1440 585 14 0 3 0 1 0 LDOFW+2
N 4968
J 605 180 2
J 585 180 1
S 2 1
L 590 180 10 0 3 0 1 0 CLK
N 5164
J 1500 365 8
J 1580 365 7
B 1 2
L 1490 370 14 0 3 0 1 0 TTS_STAT[3:0]
N 5082
J 1505 720 2
J 1425 720 1
S 2 1
L 1430 720 14 0 3 0 1 0 GOLDDAT
N 5178
J 1155 1025 2
J 1215 1025 1
S 1 2
L 1135 1025 14 0 3 0 1 0 LFIFODONE
N 5177
J 1085 1025 2
J 1045 1025 1
S 2 1
L 1055 1025 14 0 3 0 1 0 CTRL15
I 5179 virtex:BUF 1 1085 1015 0 1 '
C 5178 1 1 0
C 5177 1 2 0
N 5180
J 1215 1045 1
J 1155 1045 2
S 2 1
L 1145 1045 14 0 3 0 1 0 LWAIT
N 5191
J 980 245 1
J 1060 245 2
S 1 2
L 990 245 14 0 3 0 1 0 TTS_STAT0
N 5190
J 1060 185 2
J 980 185 1
S 2 1
L 990 185 14 0 3 0 1 0 TTS_STAT3
N 5187
J 990 90 1
J 1065 90 2
S 1 2
L 995 90 14 0 3 0 1 0 DDU_BUSY
N 5201
J 1065 130 2
J 990 130 1
S 2 1
L 995 130 14 0 3 0 1 0 DDU_WARN
N 5188
J 990 70 1
J 1065 70 2
S 1 2
L 995 70 14 0 3 0 1 0 DDU_ERROR
N 5205
J 385 95 2
J 330 95 1
S 2 1
L 335 95 10 0 3 0 1 0 IN_RD_ERR4
N 5148
J 1090 940 1
J 1110 940 2
S 1 2
L 1095 940 10 0 3 0 1 0 CLK
N 4906
J 105 150 2
J 30 150 1
S 2 1
L 35 150 14 0 3 0 1 0 NEAR_FULL
N 5323
J 105 170 2
J 30 170 1
S 2 1
L 35 170 14 0 3 0 1 0 L1A_WARN
N 5330
J 270 995 1
J 355 995 2
S 1 2
L 280 995 14 0 3 0 1 1 SLINK_WT_EN
N 5325
J 355 975 2
J 270 975 1
S 2 1
L 280 975 14 0 3 0 1 0 CTRL17
N 4929
J 510 340 3
J 510 330 3
J 520 330 2
J 430 340 1
S 2 1
S 2 3
S 4 1
L 440 340 14 0 3 0 1 0 LED_MODE10
N 5331
J 435 975 2
J 515 975 2
S 1 2
L 435 975 14 0 3 0 1 0 OK_RESYNC
N 5337
J 120 1010 3
J 120 1030 5
J 135 1030 2
J 30 1030 1
J 135 1010 2
S 1 2
S 1 5
S 2 3
S 4 2
L 40 1030 14 0 3 0 1 0 SYNC_CMD
I 5335 virtex2p:FDCE_1 1 135 950 0 1 '
C 5337 5 9 0
C 5345 2 6 0
C 5334 4 4 0
C 5340 1 8 0
C 5337 3 1 0
N 5334
J 484 995 3
J 484 1030 3
J 515 995 2
J 255 1030 2
S 1 3
S 4 2
L 260 1030 14 0 3 0 1 0 PRESYNC
S 1 2
N 5332
J 705 995 2
J 635 995 2
S 2 1
L 645 995 14 0 3 0 1 0 RESYNC
N 5341
J 635 975 1
J 705 975 2
S 1 2
L 645 975 12 0 3 0 1 0 SYNC_HOLD
N 5345
J 60 960 1
J 135 960 2
S 1 2
L 65 960 14 0 3 0 1 0 RST_SYNC_RST
I 5024 virtex:INV 1 1065 60 0 1 '
C 5022 1 1 0
C 5188 2 2 0
I 5011 virtex:INV 1 1060 235 0 1 '
C 5012 1 1 0
C 5191 2 2 0
I 5326 virtex:FDCE 1 515 915 0 1 '
C 5332 2 4 0
C 5334 3 1 0
C 5346 1 6 0
C 5331 2 2 0
C 5327 2 3 0
N 5358
J 390 745 1
J 420 745 2
S 1 2
L 400 745 14 0 3 0 1 0 CLK
N 5366
J 350 765 2
J 420 765 2
S 1 2
L 345 765 14 0 3 0 1 0 PREAMB_EN
N 5400
J 895 475 2
J 995 475 2
S 1 2
L 885 475 18 0 3 0 1 0 RST_MGT_STOP
N 5405
J 465 860 1
J 345 860 2
S 2 1
L 345 860 18 0 3 0 1 1 LEXT_STOP_R
N 5360
J 780 815 2
J 625 815 11
J 740 835 1
J 625 835 11
J 740 855 1
J 740 875 1
J 625 875 9
J 625 855 11
J 540 785 8
J 625 785 9
J 740 795 1
J 625 795 11
S 2 1
L 635 815 14 0 3 0 1 0 PREAMB_CNT3
B 12 2
B 2 4
B 9 10
L 525 790 12 0 3 0 1 0 PREAMB_CNT[7:0]
B 10 12
S 12 11
L 635 795 14 0 3 0 1 0 PREAMB_CNT4
B 8 7
B 4 8
S 8 5
L 635 855 14 0 3 0 1 0 PREAMB_CNT1
S 7 6
L 635 875 14 0 3 0 1 0 PREAMB_CNT0
S 4 3
L 635 835 14 0 3 0 1 0 PREAMB_CNT2
N 5427
J 645 665 2
J 770 665 3
J 780 795 2
J 770 795 3
S 1 2
L 640 665 14 0 3 0 1 1 FORCE_PREAMB
S 2 4
S 4 3
I 5426 virtex:AND2 1 780 775 0 1 '
C 5427 3 19 0
C 5360 1 18 0
C 5430 1 20 0
N 5430
J 860 805 2
J 915 805 2
S 1 2
L 845 805 12 0 3 0 1 0 END_PREAMB
N 5367
J 230 755 1
J 270 755 2
S 1 2
L 240 755 14 0 3 0 1 0 WE
I 5438 virtex2p:AND2B2 1 270 735 0 1 '
C 5366 1 20 0
C 5436 1 18 0
C 5367 2 19 0
N 5436
J 270 775 2
J 175 775 1
S 2 1
L 185 775 14 0 3 0 1 0 END_PREAMB
N 5439
J 910 755 2
J 810 755 1
S 2 1
L 820 755 14 0 3 0 1 0 FORCE_PREAMB
N 5387
J 1035 755 2
J 1005 755 1
S 2 1
L 1015 755 14 0 3 0 1 0 CLK
N 5347
J 1295 535 2
J 1385 535 1
S 1 2
L 1285 535 18 0 3 0 1 0 MGT_STOP
N 5447
J 900 775 1
J 1035 775 2
S 1 2
L 910 775 18 0 3 0 1 0 EN_FORCE_IDLE
N 5417
J 915 825 2
J 870 825 1
S 2 1
L 875 825 14 0 3 0 1 0 BUSY
N 5462
J 145 640 2
J 20 640 1
S 2 1
L 35 640 14 0 3 0 1 0 DODATA
N 5459
J 135 600 3
J 145 600 2
J 135 620 5
J 20 620 1
J 145 620 2
S 1 2
S 1 3
S 3 5
S 4 3
L 30 620 14 0 3 0 1 0 FORCE_IDLE
N 5453
J 980 545 5
J 865 545 1
J 980 525 3
J 995 525 2
J 995 545 2
S 3 4
S 3 1
S 1 5
S 2 1
L 870 545 18 0 3 0 1 0 FORCE_IDLE
N 5353
J 220 715 2
J 420 715 2
S 1 2
L 350 715 14 0 3 0 1 0 RST_PACNT
I 5173 IPAD4PD 1 1000 355 0 1 '
C 5171 2 1 0
I 5176 IFD4BUS 1 1185 285 0 1 '
C 5175 1 2 0
C 5171 1 23 0
C 5159 2 22 0
I 5158 FD4CEBUS 1 1380 285 0 1 '
C 5160 1 3 0
C 5162 2 7 0
C 5163 1 8 0
C 5159 1 1 0
C 5164 1 4 0
I 5006 virtex:BUFE4 1 1145 175 0 1 '
C 4986 1 22 0
C 4990 1 23 0
C 4985 1 20 0
C 4991 1 21 0
C 4987 1 1 0
C 4992 1 2 0
C 4998 1 4 0
C 5010 2 24 0
C 5012 2 25 0
I 5329 virtex2p:OR3B1 1 355 935 0 1 '
C 5331 1 5 0
C 5330 2 3 0
C 5325 1 4 0
C 5333 2 2 0
I 5149 virtex:FD 1 1110 900 0 1 '
C 5151 2 4 0
C 5150 1 1 0
C 5148 2 3 0
N 5451
J 965 505 1
J 995 505 2
S 1 2
L 975 505 14 0 3 0 1 0 CLK
N 5388
J 575 665 2
J 460 665 2
S 2 1
L 445 665 18 0 3 0 1 0 FORCE_PREAMB
N 5470
J 530 560 2
J 600 560 2
S 1 2
L 520 560 14 0 3 0 1 0 PREAMB22CNT
N 5472
J 720 560 2
J 815 560 1
S 1 2
L 710 560 14 0 3 0 1 0 CLR_PREAMBCNT
N 5477
J 140 725 2
J 25 725 1
S 2 1
L 30 725 14 0 3 0 1 0 CLR_PREAMBCNT
N 5479
J 140 685 2
J 85 685 1
S 2 1
L 95 685 14 0 3 0 1 1 WEN
I 5342 virtex:OR2 1 705 955 0 1 '
C 5341 2 7 0
C 5332 1 9 0
C 5343 1 10 0
N 5419
J 140 705 2
J 85 705 1
S 2 1
L 95 705 14 0 3 0 1 0 RST
I 5452 virtex2p:FDRE 1 995 465 0 1 '
C 5451 2 3 0
C 5453 4 2 0
C 5453 5 1 0
C 5450 2 4 0
C 5400 2 6 0
N 5408
J 225 860 2
J 121 860 1
S 2 1
L 130 860 18 0 3 0 1 1 LEXT_STOP
N 5488
J 690 625 1
J 740 625 2
S 1 2
L 695 625 14 0 3 0 1 0 CTRL0
N 5489
J 740 645 2
J 670 645 1
S 2 1
L 675 645 14 0 3 0 1 0 GOLDDAT
N 5490
J 870 695 1
J 910 695 2
S 1 2
L 880 695 14 0 3 0 1 0 WE
N 5446
J 985 600 2
J 1085 600 1
S 1 2
L 975 600 18 0 3 0 1 1 FORCE_IDLE
I 5455 virtex:OR2 1 1215 505 0 1 '
C 5454 2 7 0
C 5450 1 9 0
C 5347 1 10 0
N 5475
J 335 540 1
J 450 540 2
S 1 2
L 345 540 14 0 3 0 1 0 PREAMB_CNT1
N 5474
J 450 580 2
J 335 580 1
S 2 1
L 345 580 14 0 3 0 1 0 PREAMB_CNT4
I 5411 virtex2p:FDSE 1 225 780 0 1 '
C 5406 1 14 0
C 5405 2 4 0
C 5408 1 1 0
C 5409 2 2 0
C 5407 1 3 0
N 5496
J 740 605 2
J 700 605 1
S 2 1
L 710 605 14 0 3 0 1 1 WEN
I 5350 virtex:BUF 1 230 675 0 1 '
C 5351 1 1 0
C 5349 2 2 0
N 5401
J 290 665 1
J 380 665 2
S 1 2
L 295 665 14 0 3 0 1 0 DCC_LNK_RDY
I 5480 virtex2p:OR4B1 1 140 665 0 1 '
C 5464 2 1 0
C 5353 1 8 0
C 5477 1 6 0
C 5419 1 7 0
C 5479 1 5 0
N 5469
J 600 520 2
J 570 520 1
S 2 1
L 580 520 14 0 3 0 1 0 CLK
I 5468 virtex:FD 1 600 480 0 1 '
C 5469 1 3 0
C 5470 2 1 0
C 5472 1 4 0
N 5386
J 1235 795 2
J 1155 795 2
S 2 1
L 1145 795 18 0 3 0 1 0 FORCE_IDLE
N 5520
J 415 425 1
J 550 425 2
S 1 2
L 425 425 18 0 3 0 1 0 DO_IDLE
N 5517
J 1205 755 1
J 1235 755 2
S 1 2
L 1215 755 14 0 3 0 1 0 CLK
I 5445 virtex:INV 1 915 590 0 1 '
C 5444 1 2 0
C 5446 1 1 0
N 5444
J 915 600 2
J 815 600 1
S 2 1
L 825 600 18 0 3 0 1 0 FORCE_IDLE
N 5508
J 500 385 1
J 550 385 2
S 1 2
L 510 385 14 0 3 0 1 0 RST
N 5535
J 210 465 1
J 285 465 2
S 1 2
L 220 465 14 0 3 0 1 0 FIDLE_CNT5
N 5507
J 590 465 2
J 710 465 3
J 710 390 3
J 820 390 2
S 1 2
S 3 2
S 3 4
L 725 390 14 0 3 0 1 0 FIDLE_NOT_DONE
N 5539
J 210 495 2
J 285 495 2
S 1 2
L 210 495 14 0 3 0 1 0 SET_MIN_IDLES
I 5476 virtex2p:AND3 1 450 520 0 1 '
C 5470 1 7 0
C 5474 1 1 0
C 5473 1 2 0
C 5475 2 3 0
N 5486
J 380 645 2
J 255 645 1
S 2 1
L 260 645 14 0 3 0 1 0 MIN_IDLES_REACHED
I 5494 virtex2p:OR3B1 1 740 585 0 1 '
C 5492 3 5 0
C 5489 1 3 0
C 5488 2 4 0
C 5496 1 2 0
I 5433 virtex:INV 1 575 655 0 1 '
C 5427 1 1 0
C 5388 1 2 0
N 5409
J 165 840 1
J 225 840 2
S 1 2
L 175 840 14 0 3 0 1 0 DODATA
I 5545 virtex:BUF 1 75 915 0 1 '
C 5544 2 2 0
X 1 0
T 1144 30 25 0 3 JRG
Q 11 0 0
T 1290 35 25 0 3 1
Q 11 0 0
T 616 38 20 0 3 DDU Control
Q 11 0 0
T 616 18 20 0 3 DDU Controller Logic
Q 11 0 0
T 616 -2 20 0 3 CMS CSC Electronics
Q 11 0 0
T 1530 30 25 0 3 D785C
Q 11 0 0
T 1632 1 25 0 3 2I
Q 11 0 0
T 840 990 80 0 3 END
Q 12 4 0
T 20 1065 20 0 3 Logic for TFDDU, hold back the Resync until DDU completes all L
+ 1As (CTRL17) for Global runs. CTRL17 = DDU_Is_Empty
Q 13 0 0
T 1020 335 20 0 3 Monitor Real_FMM?
Q 11 0 0
T 110 925 20 0 3 == DoData
Q 13 0 0
T 335 890 30 0 3 DCC Preamble & ForceIdle Logic
Q 11 0 0
U 1550 0 20 0 3 3 @SHEET=10
U 1510 0 20 0 9 3 @NAME=DDUCNTRL
U 1310 5 20 0 9 3 @DATETIME=3-25-2012_17:53
N 5435
J 810 735 1
J 910 735 2
S 1 2
L 830 735 14 0 3 0 1 0 TF_CRATE
N 5492
J 835 715 3
J 910 715 2
J 820 625 2
J 835 625 3
S 3 4
S 4 1
S 1 2
L 840 715 14 0 3 0 1 0 WEN_PIPE
I 5495 virtex2p:OR4 1 910 675 0 1 '
C 5390 2 8 0
C 5439 1 1 0
C 5435 2 6 0
C 5492 2 7 0
C 5490 2 5 0
N 5548
J 815 485 2
J 740 485 1
S 2 1
L 745 485 14 0 3 0 1 0 TF_CRATE
N 5482
J 815 505 2
J 740 505 1
S 2 1
L 745 505 14 0 3 0 1 0 PREAMB_CNT4
N 5511
J 670 395 2
J 680 395 3
J 680 340 3
J 820 340 2
S 1 2
S 3 4
L 735 340 14 0 3 0 1 0 RST_FIDLE_CNT
S 3 2
I 5546 virtex2p:OR4 1 815 425 0 1 '
C 5484 2 5 0
C 5547 1 7 0
C 5548 1 6 0
C 5482 1 1 0
C 5400 1 8 0
I 5503 virtex2p:CB8CE 1 820 330 0 1 '
X 16 0
C 5504 2 4 0
C 5507 4 15 0
C 5502 2 3 0
C 5511 4 14 0
X 13 0
I 5521 virtex2p:SOP3B1A 1 550 445 6 1 '
C 5511 1 6 0
C 5508 2 3 0
C 5522 1 4 0
C 5520 2 5 0
I 5528 virtex:INV 1 520 455 0 1 '
C 5507 1 1 0
C 5541 1 2 0
I 5533 virtex2p:FDP 1 285 385 0 1 '
C 5541 2 4 0
C 5539 2 14 0
C 5535 2 1 0
C 5534 2 3 0
I 5536 virtex2p:OR2B1 1 130 525 6 1 '
C 5539 1 10 0
C 5538 1 9 0
C 5537 2 7 0
I 5457 virtex2p:SOP4B3 1 145 560 0 1 '
C 5460 2 5 0
C 5459 2 4 0
C 5459 5 3 0
C 5462 1 1 0
C 5458 2 6 0
I 5442 virtex2p:FDRE 1 1035 715 0 1 '
C 5390 1 6 0
C 5386 2 4 0
C 5424 1 1 0
C 5447 2 2 0
C 5387 1 3 0
N 5390
J 1035 725 2
J 990 725 2
S 2 1
L 985 725 14 0 3 0 1 0 RST_IDLE
N 5549
J 1180 725 1
J 1235 725 2
S 1 2
L 1190 725 14 0 3 0 1 0 RST_IDLE
N 5162
J 1370 345 2
J 1380 345 2
S 1 2
I 5161 virtex:VCC 1 1370 325 1 1 '
C 5162 1 2 0
I 5551 virtex:VCC 1 1205 755 1 1 '
C 5552 1 2 0
N 5518
J 1370 685 3
J 1220 685 1
J 1370 795 3
J 1355 795 2
S 4 3
S 1 3
S 2 1
L 1230 685 18 0 3 0 1 0 DO_IDLE
I 5423 virtex2p:OR4B3 1 915 885 6 1 '
C 5424 3 8 0
C 5430 2 1 0
C 5417 1 6 0
C 5416 1 7 0
C 5420 2 5 0
N 5424
J 1035 795 2
J 1020 795 3
J 995 835 2
J 1020 835 3
S 2 1
S 3 4
L 985 835 18 0 3 0 1 0 GOTO_IDLE
S 2 4
T 980 855 30 0 3 DCC Preamble & ForceIdle Logic
Q 11 0 0
E
