V 51
K 224033052000 D690F
Y 0
D 0 0 1700 1100
Z 1
i 3356
N 3248
J 130 870 8
J 175 870 8
B 1 2
L 125 872 14 0 3 0 1 0 J_ADR[7:0]
N 3350
J 660 85 2
J 615 85 1
S 2 1
L 620 85 14 0 3 0 1 0 RST+1
N 3351
J 660 105 2
J 615 105 1
S 2 1
L 620 105 14 0 3 0 1 0 RST
N 3348
J 675 160 2
J 615 160 1
S 2 1
L 625 160 12 0 3 0 1 0 WADR_TC
N 3342
J 1105 305 2
J 1070 305 1
S 2 1
L 1075 305 14 0 3 0 1 0 LRST
N 3334
J 1320 315 1
J 1380 315 2
S 1 2
L 1330 315 12 0 3 0 1 0 WADR_TC
N 3332
J 1175 210 2
J 1130 210 1
S 2 1
L 1135 210 14 0 3 0 1 0 RST+1
N 3330
J 1100 230 1
J 1175 230 2
S 1 2
L 1110 230 12 0 3 0 1 0 SHFTDAV0
N 3329
J 1295 240 2
J 1370 240 1
S 1 2
L 1305 240 12 0 3 0 1 0 SHFT_CE
N 3327
J 1160 500 2
J 1125 500 1
S 2 1
L 1130 500 14 0 3 0 1 1 LRST
I 3324 virtex2p:INV 1 1535 375 0 1 '
C 3325 2 1 0
C 3303 2 2 0
N 3301
J 1380 385 2
J 1345 385 2
S 2 1
L 1345 385 14 0 3 0 1 0 RST+1
N 3299
J 1225 345 2
J 1205 345 1
S 2 1
L 1210 345 10 0 3 0 1 0 CLK
N 3298
J 1185 385 1
J 1220 385 5
J 1225 365 2
J 1220 365 3
J 1225 385 2
S 2 5
S 4 2
S 4 3
S 1 2
L 1190 385 14 0 3 0 1 0 RST
N 3317
J 1240 510 8
J 1370 510 7
B 1 2
L 1240 517 20 0 3 0 1 0 MEM_IN[31:16]
N 3307
J 1145 175 1
J 1190 175 2
S 1 2
L 1150 175 14 0 3 0 1 0 RST
N 3304
J 1360 345 1
J 1380 345 2
S 1 2
L 1365 345 10 0 3 0 1 0 CLK
N 3273
J 815 500 8
J 890 500 8
B 1 2
L 805 507 12 0 3 0 1 0 16BITCONST[31:16]
I 3278 virtex2p:VCC 1 695 680 1 1 '
C 3267 1 2 0
N 3167
J 700 620 8
J 625 620 8
B 2 1
L 615 627 12 0 3 0 1 0 16BITCONST[15:0]
N 3267
J 695 700 2
J 700 700 2
S 1 2
N 3265
J 175 830 2
J 95 830 1
S 2 1
L 105 830 14 0 3 0 1 0 LD_JTAGADR
N 3253
J 140 760 1
J 175 760 2
S 1 2
L 145 760 14 0 3 0 1 0 RST
N 3234
J 1160 810 2
J 1095 810 1
S 2 1
L 1105 810 15 0 3 0 1 0 DRCK2
N 3239
J 1160 830 2
J 1120 830 2
S 2 1
N 3238
J 1160 695 2
J 1095 695 1
S 2 1
L 1105 695 15 0 3 0 1 0 SHIFT
N 3235
J 1095 735 1
J 1160 735 2
S 1 2
L 1105 735 15 0 3 0 1 0 SEL2
N 3236
J 1160 755 2
J 1095 755 1
S 2 1
L 1105 755 15 0 3 0 1 0 BTDI
N 3237
J 1160 715 2
J 1095 715 1
S 2 1
L 1105 715 20 0 3 0 1 0 RST
N 3233
J 395 965 7
J 525 965 8
B 1 2
L 395 972 18 0 3 0 1 0 MEM_IN[31:0]
N 3227
J 505 865 1
J 525 865 2
S 1 2
L 510 865 10 0 3 0 1 0 CLK
N 3226
J 525 920 2
J 505 920 1
S 2 1
L 510 920 10 0 3 0 1 0 CLK
N 3225
J 525 940 2
J 435 940 1
S 2 1
L 440 940 18 0 3 0 1 0 MWEN
N 3157
J 1340 95 2
J 1320 95 1
S 2 1
L 1325 95 10 0 3 0 1 0 CLK
N 3158
J 140 625 2
J 135 625 3
J 135 630 2
S 2 1
S 2 3
N 3163
J 545 275 2
J 455 275 1
S 2 1
L 465 275 12 0 3 0 1 0 L-LSECOND_HDR
N 3164
J 825 170 1
J 845 170 2
S 1 2
L 830 170 10 0 3 0 1 0 CLK
N 3166
J 185 180 1
J 205 180 2
S 1 2
L 190 180 10 0 3 0 1 0 CLK
N 3169
J 675 305 2
J 615 305 1
S 2 1
L 620 305 14 0 3 0 1 0 WADR0
N 3170
J 615 285 1
J 675 285 2
S 1 2
L 620 285 14 0 3 0 1 0 WADR1
N 3171
J 1015 230 2
J 965 230 2
S 2 1
L 955 230 14 0 3 0 1 0 WADR1
N 3172
J 300 295 1
J 320 295 2
S 1 2
L 305 295 10 0 3 0 1 0 CLK
N 3173
J 460 160 1
J 480 160 2
S 1 2
L 465 160 10 0 3 0 1 0 CLK
N 3175
J 480 200 2
J 475 200 5
J 480 180 2
J 475 180 3
J 390 200 1
S 5 2
L 395 200 12 0 3 0 1 0 BRD_DAV0
S 2 1
S 4 2
S 4 3
N 3178
J 215 335 7
J 320 335 8
B 1 2
L 215 342 18 0 3 0 1 0 BRD_DAV[3:0]
N 3180
J 140 605 8
J 30 605 7
B 2 1
L 30 612 14 0 3 0 1 0 DMBDAV[15:0]
N 3181
J 230 315 1
J 320 315 2
S 1 2
L 240 315 12 0 3 0 1 0 BRD_DAV0
N 3185
J 20 115 1
J 95 115 2
S 1 2
L 30 115 12 0 3 0 1 0 DOFW+3
N 3186
J 175 105 2
J 250 105 2
S 1 2
L 185 105 12 0 3 0 1 0 SHFT_LD
N 3188
J 965 250 2
J 1015 250 2
S 1 2
L 955 250 14 0 3 0 1 0 WADR0
N 3189
J 1015 270 2
J 965 270 2
S 2 1
L 955 270 14 0 3 0 1 0 W_EN
N 3190
J 495 255 1
J 545 255 2
S 1 2
L 500 255 14 0 3 0 1 0 W_EN
N 3191
J 440 335 8
J 675 335 8
B 1 2
L 470 342 20 0 3 0 1 0 LBRD_DAV[3:0]
N 3194
J 675 200 2
J 600 200 2
S 2 1
L 590 200 12 0 3 0 1 0 L-LSECOND_HDR
N 3195
J 260 565 8
J 305 565 9
J 305 545 3
J 380 545 1
B 1 2
L 245 572 14 0 3 0 1 0 SHFTDAV[15:0]
S 3 2
S 3 4
L 315 545 12 0 3 0 1 0 SHFTDAV0
N 3196
J 675 220 2
J 600 220 1
S 2 1
L 610 220 12 0 3 0 1 0 SHFTDAV0
N 3197
J 65 505 1
J 140 505 2
S 1 2
L 75 505 12 0 3 0 1 0 SHFT_CE
N 3204
J 1175 250 2
J 1095 250 2
S 2 1
L 1090 250 15 0 3 0 1 0 LAST_BRD
N 3207
J 1460 135 2
J 1535 135 1
S 1 2
L 1465 135 12 0 3 0 1 0 CLR_LBRD
N 3208
J 320 265 2
J 245 265 1
S 2 1
L 255 265 12 0 3 0 1 0 CLR_LBRD
N 3213
J 20 210 1
J 80 210 2
S 1 2
L 30 210 12 0 3 0 1 0 SHFT_CE
N 3214
J 205 200 2
J 160 200 2
S 2 1
L 150 200 12 0 3 0 1 0 WADR_CE
N 3219
J 205 150 2
J 145 150 1
S 2 1
L 155 150 12 0 3 0 1 0 CLR_WADR
N 3220
J 330 95 2
J 395 95 1
S 1 2
L 320 95 12 0 3 0 1 0 CLR_WADR
I 110 PAGE 1 0 0 0 1 '
I 3211 CB4CEBUS 1 205 140 0 1 '
C 3183 2 4 0
C 3212 2 16 0
C 3214 1 15 0
C 3166 2 3 0
C 3219 1 14 0
X 13 0
I 3218 virtex2p:AND2B1 1 95 75 0 1 '
C 3186 1 20 0
C 3185 2 18 0
C 3165 1 19 0
N 3174
J 120 485 1
J 140 485 2
S 1 2
L 125 485 10 0 3 0 1 0 CLK
N 3232
J 435 995 7
J 525 995 8
B 1 2
L 435 1002 18 0 3 0 1 0 WADR[5:0]
I 3222 DPM32X64 1 525 855 0 1 '
C 3280 1 8 0
C 3228 1 7 0
C 3232 2 1 0
C 3227 2 6 0
C 3231 14 5 0
C 3226 1 4 0
C 3225 1 3 0
C 3233 2 2 0
I 3245 CB8CLEBUS 1 175 750 0 1 '
C 3231 12 23 0
C 3248 2 22 0
X 13 0
C 3265 1 20 0
C 3253 2 14 0
X 24 0
C 3250 1 15 0
C 3252 2 3 0
N 3240
J 1095 850 1
J 1160 850 2
S 1 2
L 1105 850 15 0 3 0 1 0 F34
N 3252
J 145 790 2
J 175 790 2
S 1 2
L 140 790 15 0 3 0 1 1 SEL2
N 3249
J 45 790 1
J 75 790 2
S 1 2
L 55 790 15 0 3 0 1 0 SEL2
N 3159
J 140 455 2
J 105 455 1
S 2 1
L 110 455 14 0 3 0 1 0 RST
N 3250
J 175 810 2
J 110 810 1
S 2 1
L 120 810 15 0 3 0 1 0 F34
N 3160
J 845 190 2
J 795 190 2
S 2 1
L 790 190 12 0 3 0 1 0 CSCDAV
I 3251 virtex2p:INV 1 75 780 0 1 '
C 3252 1 1 0
C 3249 2 2 0
N 3261
J 410 750 2
J 455 750 2
S 1 2
L 400 750 12 0 3 0 1 1 JTAG_ADR2
N 3255
J 535 800 2
J 615 800 1
S 1 2
L 520 800 14 0 3 0 1 0 LD_JTAGADR
I 3254 virtex2p:AND6 1 455 730 0 1 '
C 3255 1 6 0
C 3231 9 8 0
C 3231 17 7 0
C 3231 5 1 0
C 3231 18 3 0
C 3231 16 4 0
C 3261 2 5 0
N 3184
J 840 580 2
J 890 580 2
S 1 2
L 815 580 15 0 3 0 1 0 CARRY_ADD
I 3277 16BIT0 1 555 610 0 1 '
C 3167 2 1 0
I 3179 virtex2p:ADD16 1 700 560 0 1 '
X 15 0
C 3184 1 13 0
C 3168 1 11 0
C 3167 1 10 0
C 3182 1 12 0
C 3267 2 14 0
I 3268 virtex2p:ADD16 1 890 440 0 1 '
C 3184 2 14 0
C 3270 2 12 0
C 3273 2 10 0
C 3271 2 11 0
X 13 0
X 15 0
I 3274 16BIT0 1 745 490 0 1 '
C 3273 1 1 0
N 3168
J 700 660 8
J 555 660 7
B 2 1
L 555 667 20 0 3 0 1 0 MEM_OUT[15:0]
N 3271
J 745 540 7
J 890 540 8
B 1 2
L 745 547 20 0 3 0 1 0 MEM_OUT[31:16]
N 3228
J 685 975 8
J 795 975 7
B 1 2
L 675 982 18 0 3 0 1 0 MEM_OUT[31:0]
I 3241 virtex:GND 1 1080 850 3 1 '
C 3239 2 4 0
I 3243 STAT_MON 1 1160 675 0 1 '
C 3237 1 64 0
C 3244 1 38 0
C 3236 1 60 0
C 3279 4 57 0
C 3235 2 61 0
C 3238 1 63 0
C 3239 1 42 0
C 3240 2 56 0
C 3234 1 43 0
N 3280
J 685 915 8
J 730 915 9
J 840 850 8
J 730 850 9
J 730 890 11
J 840 890 8
B 1 2
L 675 922 18 0 3 0 1 0 MEMBOUT[31:0]
B 5 2
B 4 3
L 740 852 14 0 3 0 1 0 MEMBOUT[27:16]
B 4 5
B 5 6
L 740 892 14 0 3 0 1 0 MEMBOUT[15:0]
N 3183
J 405 220 9
J 325 220 8
J 405 240 9
J 480 240 7
B 1 3
B 3 4
L 395 247 18 0 3 0 1 0 WADR[5:0]
B 2 1
L 315 227 18 0 3 0 1 0 WADR[5:2]
I 3281 BUF4 1 840 800 0 1 '
C 3279 8 1 0
C 3291 2 2 0
I 3288 BUF12 1 840 840 0 1 '
C 3279 7 1 0
C 3280 3 2 0
I 3290 BUF16 1 840 880 0 1 '
C 3279 6 1 0
C 3280 6 2 0
N 3244
J 1310 805 2
J 1410 805 1
S 1 2
L 1305 805 15 0 3 0 1 0 TDO_OCCMON
N 3291
J 715 810 7
J 840 810 8
B 1 2
L 715 817 18 0 3 0 1 0 JTAG_ADR[5:2]
N 3231
J 310 750 3
J 310 780 3
J 385 780 11
J 385 790 11
J 455 810 2
J 385 810 11
J 385 830 11
J 385 770 11
J 455 850 2
J 385 850 11
J 385 765 7
J 295 870 8
J 385 870 11
J 525 890 8
J 385 890 9
J 455 770 2
J 455 830 2
J 455 790 2
J 340 750 2
B 12 13
L 285 872 14 0 3 0 1 0 JTAG_ADR[7:0]
B 15 14
L 395 897 18 0 3 0 1 0 JTAG_ADR[5:0]
B 13 15
B 10 13
S 2 3
L 315 780 12 0 3 0 1 0 JTAG_ADR2
S 1 19
B 8 3
S 4 18
L 400 790 12 0 3 0 1 0 JTAG_ADR4
S 7 17
L 400 830 12 0 3 0 1 0 JTAG_ADR1
S 8 16
L 400 770 12 0 3 0 1 0 JTAG_ADR5
B 7 10
S 10 9
L 400 850 12 0 3 0 1 0 JTAG_ADR0
B 11 8
B 6 7
B 4 6
S 6 5
L 400 810 12 0 3 0 1 0 JTAG_ADR3
B 3 4
S 1 2
N 3279
J 1030 810 11
J 1030 850 11
J 1030 780 9
J 1160 780 8
J 1030 890 9
J 910 890 8
J 910 850 8
J 910 810 8
B 3 1
B 1 2
B 6 5
L 905 892 14 0 3 0 1 0 JTAG_OUT[15:0]
B 7 2
L 905 852 14 0 3 0 1 0 JTAG_OUT[27:16]
B 2 5
B 8 1
L 905 812 14 0 3 0 1 0 JTAG_OUT[31:28]
B 3 4
L 1040 787 18 0 3 0 1 0 JTAG_OUT[31:0]
I 3209 virtex2p:FDCE 1 480 120 0 1 '
C 3194 2 4 0
C 3175 1 1 0
C 3155 1 6 0
C 3175 3 2 0
C 3173 2 3 0
N 3309
J 1270 165 2
J 1340 165 2
S 1 2
L 1265 165 14 0 3 0 1 0 RST_0
I 3306 virtex2p:AND2B1 1 1190 135 0 1 '
C 3309 1 20 0
C 3307 2 18 0
C 3308 2 19 0
I 3221 virtex2p:FDP 1 1340 55 0 1 '
C 3157 1 3 0
C 3309 2 14 0
C 3156 1 1 0
C 3207 1 4 0
I 3201 virtex2p:AND3 1 1015 210 0 1 '
C 3204 2 7 0
C 3189 1 1 0
C 3188 2 2 0
C 3171 1 3 0
I 3187 virtex2p:CB4CE 1 845 130 0 1 '
C 3354 4 14 0
C 3164 2 3 0
X 12 0
C 3171 2 11 0
C 3188 1 10 0
C 3189 2 4 0
X 13 0
C 3160 1 15 0
X 17 0
N 3156
J 1340 135 2
J 1260 135 1
S 2 1
L 1270 135 15 0 3 0 1 0 LAST_BRD
I 3217 virtex2p:OR2 1 250 65 0 1 '
C 3220 1 10 0
C 3186 2 9 0
C 3153 2 7 0
N 3270
J 1160 520 8
J 1030 520 8
B 2 1
L 1030 527 20 0 3 0 1 0 MEM_INC[31:16]
N 3182
J 840 640 8
J 970 640 8
B 1 2
L 840 647 20 0 3 0 1 0 MEM_INC[15:0]
N 3318
J 1180 630 7
J 1050 630 8
B 2 1
L 1050 637 20 0 3 0 1 0 MEM_IN[15:0]
I 3319 virtex2p:FDRE 1 1225 305 0 1 '
C 3333 2 6 0
C 3301 2 4 0
C 3298 5 1 0
C 3298 3 2 0
C 3299 1 3 0
I 3322 16AND2_1 1 970 600 0 1 '
C 3182 2 18 0
C 3326 2 19 0
C 3318 2 20 0
I 3323 16AND2_1 1 1160 480 0 1 '
C 3317 1 20 0
C 3327 1 19 0
C 3270 1 18 0
I 3263 virtex2p:INV 1 340 740 0 1 '
C 3231 19 2 0
C 3261 1 1 0
N 3325
J 1640 385 1
J 1605 385 2
S 2 1
L 1595 385 14 0 3 0 1 1 LRST
N 3326
J 935 620 1
J 970 620 2
S 1 2
L 940 620 14 0 3 0 1 1 LRST
N 3308
J 1145 155 1
J 1190 155 2
S 1 2
L 1150 155 14 0 3 0 1 0 RST+1
I 3328 virtex2p:SOP3B2A 1 1175 190 0 1 '
C 3204 1 3 0
C 3332 1 5 0
C 3329 1 6 0
C 3330 2 4 0
N 3212
J 400 180 1
J 325 180 2
S 2 1
L 335 180 12 0 3 0 1 0 WADR_TC
N 3154
J 20 190 1
J 80 190 2
S 1 2
L 30 190 12 0 3 0 1 0 WADR_TC
I 3215 virtex2p:AND2B1 1 80 170 0 1 '
C 3214 2 20 0
C 3213 2 18 0
C 3154 2 19 0
N 3303
J 1500 385 2
J 1535 385 2
S 1 2
L 1490 385 14 0 3 0 1 0 LRST
N 3295
J 675 180 2
J 640 180 1
S 2 1
L 645 180 14 0 3 0 1 0 LRST
I 3339 virtex2p:FDR 1 1380 305 0 1 '
C 3334 2 6 0
C 3303 1 4 0
C 3301 1 1 0
C 3304 2 3 0
N 3315
J 805 315 1
J 840 315 2
S 1 2
L 810 315 14 0 3 0 1 0 LRST
N 3333
J 1185 315 2
J 1225 315 2
S 1 2
L 1175 315 12 0 3 0 1 0 CLR_RST+1
I 3340 virtex2p:AND2 1 1105 285 0 1 '
C 3333 1 20 0
C 3341 2 18 0
C 3342 1 19 0
N 3153
J 215 85 1
J 250 85 2
S 1 2
L 220 85 14 0 3 0 1 0 RST_0
I 3347 virtex2p:SOP4B1 1 675 140 0 1 '
C 3348 1 5 0
C 3295 1 4 0
C 3194 1 3 0
C 3196 1 1 0
C 3160 2 6 0
N 3341
J 1045 325 1
J 1105 325 2
S 1 2
L 1055 325 12 0 3 0 1 0 WADR_TC
N 3165
J 95 95 2
J 20 95 1
S 2 1
L 30 95 12 0 3 0 1 0 DOFW+2
N 3198
J 140 545 2
J 65 545 1
S 2 1
L 75 545 12 0 3 0 1 0 SHFT_LD
N 3353
J 615 125 1
J 660 125 2
S 1 2
L 625 125 12 0 3 0 1 0 SHFT_LD
N 3155
J 480 130 2
J 405 130 1
S 2 1
L 415 130 12 0 3 0 1 0 CLR_LBRD
I 3349 virtex2p:SOP3B1A 1 660 65 0 1 '
C 3353 2 3 0
C 3351 1 4 0
C 3354 1 6 0
C 3350 1 5 0
N 3354
J 780 115 2
J 805 115 3
J 805 140 3
J 845 140 2
S 3 4
L 790 140 12 0 3 0 1 0 CLR_ADR01
S 2 3
S 1 2
N 3177
J 840 335 2
J 775 335 2
S 2 1
L 780 335 20 0 3 0 1 0 M_WEN
N 3314
J 990 325 1
J 920 325 2
S 2 1
L 920 325 20 0 3 0 1 0 MWEN
N 3162
J 625 265 2
J 675 265 2
S 1 2
L 615 265 14 0 3 0 1 0 MUX_EN
I 3176 FD4CEBUS 1 320 255 0 1 '
C 3191 1 4 0
C 3178 2 1 0
C 3208 1 8 0
C 3181 2 7 0
C 3172 2 3 0
I 3192 virtex2p:AND2 1 545 235 0 1 '
C 3190 2 19 0
C 3163 1 18 0
C 3162 1 20 0
I 3193 M4E_BUS 1 675 255 0 1 '
C 3162 2 9 0
C 3191 2 5 0
C 3170 2 6 0
C 3169 1 3 0
C 3177 2 2 0
I 3313 virtex2p:OR2 1 840 295 0 1 '
C 3315 2 7 0
C 3177 1 9 0
C 3314 2 10 0
I 3200 virtex:GND 1 155 670 2 1 '
C 3158 3 4 0
I 3203 SR16CLRE 1 140 445 0 1 '
C 3158 1 18 0
C 3195 1 23 0
C 3198 1 17 0
C 3180 1 22 0
C 3159 1 14 0
C 3197 2 16 0
C 3174 2 3 0
T 1149 30 25 0 3 JRG
Q 11 0 0
T 1295 30 25 0 3 2
Q 11 0 0
T 750 0 20 0 3 CMS CSC Electronics
Q 11 0 0
T 751 18 20 0 3 DDU Controller
Q 11 0 0
T 1510 30 25 0 3 D785C
Q 11 0 0
T 751 38 20 0 3 DDU Occupancy Monitor
Q 11 0 0
T 1235 875 24 0 6 Page 40
Q 14 0 0
T 40 1035 50 0 3 CSC Board Occupancy Tracker:  15 fibers x 4-boards each
Q 14 1 0
T 1510 860 30 0 3 1 = ALCT
Q 14 0 0
T 1510 835 30 0 3 2 = TMB
Q 14 0 0
T 1510 810 30 0 3 3 = CFEB
Q 14 0 0
T 740 940 30 0 3 Read the 60 28-bit counts for CSC board occupancies,
Q 14 0 0
T 1510 885 30 0 3 0 = DMB
Q 14 0 0
T 1680 915 30 0 9 4 high Adr bits tell DDUinput, 2 low Adr bits specifiy Board T
+ ype:
Q 14 0 0
T 650 690 24 0 9 Always add 1 if board is present (use FastCarry input)-->>
Q 11 0 0
T 705 780 24 0 3 ^^^Send DDUinput# this count is for
Q 11 0 0
T 1495 350 20 0 3 ^^^Initialize at RST,
Q 11 0 0
T 1530 330 20 0 3 Lasts ~1600ns
Q 11 0 0
T 505 755 24 0 3 ^^^Reset counter to 0 after 59 (60 good addresses)
Q 11 0 0
T 245 490 24 0 3 skip non-DAV addresses, but wait for CSCs w/DAV
Q 11 0 0
T 245 515 24 0 3 ^^^Only operate on CSCs with DAV for the event;
Q 11 0 0
T 75 400 24 0 3 Each Brd requires one CLK to Read prev. value, then one more for
+  Add+1 and WEN;
Q 11 0 0
T 430 375 24 0 3 so Read on EVEN cycles, Write on Odd cycles (CB4CE below):
Q 11 0 0
T 245 465 24 0 3 then get BrdDAVs from DMB Hdr.
Q 11 0 0
U 1205 5 14 0 3 3 @DATETIME=5-23-2006_14:23
U 1510 5 20 0 9 3 @NAME=FIFOCTRL
U 1565 5 20 0 3 3 @SHEET=10
I 3247 8BIT0 1 60 860 0 1 '
C 3248 1 1 0
T 1635 0 25 0 3 3I
Q 11 0 0
E
