V 51
K 7468887480 tst1
Y 0
D 0 0 1700 1100
Z 1
i 4007
N 3878
J 830 910 2
J 1050 1055 7
J 935 1055 9
J 830 1025 8
J 935 1025 11
J 830 985 8
J 935 985 11
J 830 945 8
J 935 945 11
J 935 910 11
J 830 825 8
J 935 825 9
J 935 885 11
J 830 885 2
S 1 10
L 850 910 18 0 3 0 1 0 ROD64
B 5 3
B 4 5
L 840 1030 18 0 3 0 1 0 ROD[15:0]
B 7 5
B 6 7
L 840 990 18 0 3 0 1 0 ROD[47:32]
B 9 7
B 8 9
L 840 950 18 0 3 0 1 0 ROD[63:48]
B 10 9
B 13 10
B 11 12
L 835 830 18 0 3 0 1 0 ROD[31:16]
B 12 13
S 14 13
L 850 885 18 0 3 0 1 0 ROD65
B 3 2
L 935 1060 24 0 3 0 1 0 ROD[65:0]
N 3976
J 1540 645 2
J 1450 645 1
S 2 1
L 1460 645 14 0 3 0 1 0 STATUS3
N 3974
J 1450 560 1
J 1540 560 2
S 1 2
L 1460 560 14 0 3 0 1 0 STATUS14
I 3963 virtex:BUFE16 1 1380 910 0 1 '
C 3948 14 1 0
C 3957 4 2 0
C 3950 7 4 0
N 3928
J 690 735 2
J 785 735 1
S 1 2
L 710 735 24 0 3 0 1 1 WEN
N 3929
J 475 735 1
J 570 735 2
S 1 2
L 495 735 18 0 3 0 1 1 WEN-1
N 3930
J 570 765 2
J 525 765 1
S 2 1
L 535 765 14 0 3 0 1 0 RST
N 3926
J 570 695 2
J 550 695 1
S 2 1
L 555 695 10 0 3 0 1 0 CLK
N 3952
J 1380 785 8
J 1380 725 8
J 1220 725 9
J 1220 785 11
J 1105 795 7
J 1220 795 9
B 5 6
L 1110 800 20 0 3 0 1 0 STATUS[31:0]
B 4 6
B 3 4
B 3 2
L 1235 730 20 0 3 0 1 0 STATUS[31:16]
B 4 1
L 1235 790 20 0 3 0 1 0 STATUS[15:0]
N 3919
J 650 795 1
J 730 795 2
S 1 2
L 655 795 14 0 3 0 1 0 OETRAIL+1
N 3905
J 90 890 8
J 70 890 9
J 465 930 8
J 530 930 9
J 530 845 9
J 70 845 9
B 2 1
B 6 2
B 3 4
L 455 935 18 0 3 0 1 0 DDUFB[15:0]
B 5 4
B 6 5
N 3907
J 290 910 1
J 345 910 2
S 1 2
L 295 910 18 0 3 0 1 0 WEN-1
N 3875
J 365 1000 1
J 385 1000 2
S 1 2
L 370 1000 10 0 3 0 1 0 CLK
N 3879
J 265 1040 7
J 385 1040 8
B 1 2
L 265 1045 24 0 3 0 1 0 OD[65:0]
N 3921
J 375 685 2
J 310 685 1
S 2 1
L 320 685 18 0 3 0 1 1 WEN-1
N 3925
J 500 685 1
J 445 685 2
S 2 1
L 440 685 18 0 3 0 1 0 WEN-1
N 3935
J 355 735 1
J 260 735 2
S 2 1
L 280 735 24 0 3 0 1 1 KBIT
N 3932
J 120 695 1
J 140 695 2
S 1 2
L 125 695 10 0 3 0 1 0 CLK
N 3934
J 95 765 1
J 140 765 2
S 1 2
L 105 765 14 0 3 0 1 0 RST
I 111 PAGE 1 0 0 0 1 '
I 3882 virtex:BUF 1 760 875 0 1 '
C 3878 14 1 0
C 3872 11 2 0
I 3883 virtex:BUF 1 760 900 0 1 '
C 3872 9 2 0
C 3878 1 1 0
I 3918 M2_1_16 1 730 785 0 1 '
C 3878 11 2 0
C 3922 1 5 0
C 3872 14 4 0
C 3919 2 3 0
N 3920
J 45 735 1
J 140 735 2
S 1 2
L 65 735 18 0 3 0 1 1 KBIT-1
I 3876 FD66P 1 385 970 0 1 '
C 3872 1 22 0
C 3879 2 23 0
C 3877 1 26 0
C 3875 2 2 0
I 3931 virtex:FDP 1 140 655 0 1 '
C 3935 2 4 0
C 3920 2 1 0
C 3934 2 14 0
C 3932 2 3 0
I 3924 virtex:INV 1 375 675 0 1 '
C 3925 2 1 0
C 3921 1 2 0
I 3943 virtex:BUFE16 1 1380 715 0 1 '
C 3948 9 1 0
C 3952 2 2 0
C 3950 1 4 0
I 3942 virtex:BUFE16 1 1380 775 0 1 '
C 3950 3 4 0
C 3952 1 2 0
C 3948 8 1 0
I 3927 virtex:FDP 1 570 655 0 1 '
C 3926 1 3 0
C 3930 1 14 0
C 3929 2 1 0
C 3928 1 4 0
I 3941 virtex:BUFE16 1 1380 835 0 1 '
C 3950 5 4 0
C 3960 3 2 0
C 3948 7 1 0
N 3950
J 1380 745 2
J 1365 745 3
J 1380 805 2
J 1365 805 5
J 1380 865 2
J 1365 865 5
J 1380 940 2
J 1365 940 5
J 1365 975 3
J 1250 975 1
S 2 1
S 2 4
S 4 3
S 4 6
S 6 5
S 6 8
S 8 7
S 8 9
S 10 9
L 1265 975 20 0 3 0 1 0 OETRAIL-1
N 3960
J 1080 880 7
J 1170 860 2
J 1380 845 8
J 1225 845 9
J 1225 860 11
J 1225 880 9
B 5 6
B 4 5
B 4 3
L 1240 850 14 0 3 0 1 0 LSUM_ERR[15:0]
S 2 5
L 1160 860 10 0 3 0 1 0 LSUM_ERR15
B 1 6
L 1080 885 18 0 3 0 1 0 LSUM_ERR[14:0]
N 3948
J 1495 960 1
J 1660 1005 7
J 1565 1005 9
J 1495 985 1
J 1565 985 11
J 1565 960 11
J 1450 845 8
J 1450 785 8
J 1450 725 8
J 1565 725 9
J 1565 785 11
J 1565 845 11
J 1565 920 11
J 1450 920 8
B 14 13
L 1465 925 20 0 3 0 1 0 OD[15:0]
B 12 13
B 11 12
B 10 11
B 9 10
L 1465 730 20 0 3 0 1 0 OD[63:48]
B 8 11
L 1465 790 20 0 3 0 1 0 OD[47:32]
B 7 12
L 1465 850 20 0 3 0 1 0 OD[31:16]
B 13 6
S 1 6
L 1505 960 20 0 3 0 1 0 OD65
B 3 2
L 1580 1010 24 0 3 0 1 0 OD[65:0]
B 5 3
S 4 5
L 1505 985 20 0 3 0 1 0 OD64
B 6 5
N 3957
J 1225 955 9
J 1225 935 11
J 1170 935 2
J 1380 920 8
J 1225 920 9
J 1080 955 7
B 6 1
L 1080 960 20 0 3 0 1 0 DMB_WARN[14:0]
S 3 2
L 1160 935 10 0 3 0 1 0 DMB_WARN15
B 5 4
L 1240 925 14 0 3 0 1 0 DMB_WARN[15:0]
B 5 2
B 2 1
N 3970
J 1010 860 1
J 1100 860 2
S 1 2
L 1020 860 14 0 3 0 1 0 DMB-FULL
N 3973
J 1540 580 2
J 1450 580 1
S 2 1
L 1460 580 14 0 3 0 1 0 STATUS15
I 3971 virtex:BUF 1 1100 850 0 1 '
C 3960 2 1 0
C 3970 2 2 0
I 3985 virtex:BUF 1 1540 655 0 1 '
C 3988 15 1 0
C 3975 2 2 0
I 3986 virtex:BUF 1 1540 635 0 1 '
C 3976 1 2 0
C 3988 14 1 0
I 3981 virtex:OR2 1 1535 585 0 1 '
C 3980 1 7 0
C 3978 1 9 0
C 3988 16 10 0
N 3977
J 1450 540 1
J 1540 540 2
S 1 2
L 1460 540 14 0 3 0 1 0 STATUS1
I 3984 virtex:BUF 1 1540 550 0 1 '
C 3974 2 2 0
C 3988 17 1 0
I 3983 virtex:BUF 1 1540 570 0 1 '
C 3988 13 1 0
C 3973 1 2 0
N 3980
J 1535 605 2
J 1450 605 1
S 2 1
L 1460 605 14 0 3 0 1 0 STATUS24
N 3978
J 1535 625 2
J 1450 625 1
S 2 1
L 1460 625 14 0 3 0 1 0 STATUS2
I 3987 virtex:BUF 1 1540 530 0 1 '
C 3988 18 1 0
C 3977 2 2 0
I 3982 virtex:BUF 1 1540 510 0 1 '
C 4000 2 2 0
C 3988 12 1 0
I 3965 virtex:GND 1 1130 955 3 1 '
C 3957 3 4 0
I 3999 virtex:GND 1 1570 710 3 1 '
C 3988 10 4 0
N 3988
J 1660 540 11
J 1660 560 11
J 1660 615 11
J 1660 665 11
J 1660 645 11
J 1660 580 11
J 1660 520 11
J 1660 475 9
J 1505 475 7
J 1610 690 2
J 1660 690 9
J 1610 520 2
J 1610 580 2
J 1610 645 2
J 1610 665 2
J 1615 615 2
J 1610 560 2
J 1610 540 2
S 10 11
L 1600 690 10 0 3 0 1 0 C_THREE15
S 12 7
L 1600 520 10 0 3 0 1 0 C_THREE8
S 13 6
L 1600 580 10 0 3 0 1 0 C_THREE11
S 14 5
L 1600 645 10 0 3 0 1 0 C_THREE13
S 15 4
L 1600 665 10 0 3 0 1 0 C_THREE14
S 16 3
L 1600 615 10 0 3 0 1 0 C_THREE12
S 17 2
L 1600 560 10 0 3 0 1 0 C_THREE10
S 18 1
L 1600 540 10 0 3 0 1 0 C_THREE9
B 4 11
B 5 4
B 3 5
B 6 3
B 2 6
B 1 2
B 7 1
B 8 7
B 9 8
L 1505 480 20 0 3 0 1 0 C_THREE[15:8]
I 3912 CRC16 1 90 860 0 1 '
C 3905 1 2 0
C 3909 2 1 0
C 3910 1 3 0
N 4000
J 1475 520 1
J 1540 520 2
S 1 2
L 1480 520 12 0 3 0 1 0 TIME_OUT
N 3975
J 1450 665 1
J 1540 665 2
S 1 2
L 1460 665 14 0 3 0 1 0 STATUS13
N 4002
J 1335 665 1
J 1245 665 1
S 2 1
L 1255 665 14 0 3 0 1 0 STATUS10
I 4005 BUF16 1 760 935 0 1 '
C 3872 7 2 0
C 3878 8 1 0
I 4004 BUF16 1 760 975 0 1 '
C 3878 6 1 0
C 3872 5 2 0
I 4003 BUF16 1 760 1015 0 1 '
C 3872 3 2 0
C 3878 4 1 0
N 4006
J 345 960 2
J 270 960 1
S 2 1
L 275 960 14 0 3 0 1 0 OEDEFAULT
N 4007
J 295 985 1
J 240 985 1
S 2 1
L 245 985 18 0 3 0 1 0 START
N 3877
J 385 1070 2
J 365 1070 1
S 2 1
L 370 1070 14 0 3 0 1 0 RST
T 70 160 30 0 3 12mA:  add 1.18 for Slow, 0.26 for Fast
Q 11 3 0
T 70 135 30 0 3 16mA:  add 0.52 for Slow, 0.02 for Fast
Q 11 3 0
T 70 110 30 0 3 24mA:  +0.44 for Slow,  -0.08 for Fast
Q 11 3 0
T 80 185 30 0 3 8mA:  add 1.69 for Slow, 0.46 for Fast
Q 11 3 0
T 80 210 30 0 3 6mA:  add 2.60 for Slow, 1.28 for Fast
Q 11 3 0
T 616 18 20 0 3 DDU Controller
Q 11 0 0
T 616 -2 20 0 3 CMS CSC Electronics
Q 11 0 0
T 1144 30 25 0 3 JRG
Q 11 0 0
T 1290 35 25 0 3 2
Q 11 0 0
T 1530 30 25 0 3 D785C
Q 11 0 0
T 616 38 20 0 3 DDU CRC Logic for SLINK/C.D.F. Compatibility
Q 11 0 0
T 45 530 30 0 3 DDUctrl to InFIFO signals: 2" - 4",  .3ns - .6ns
Q 11 3 0
T 45 470 30 0 3 CKFBout has normal drive, IRCLK has ~1.1ns Faster drive
Q 11 3 0
T 45 500 30 0 3 IRCLK has 4 loads, may slow signal by 0.1-0.5ns?
Q 11 3 0
T 45 270 30 0 3 OFD set/hold:  0.26/0.14      Clk to Q:  2.41
Q 11 3 0
T 45 240 30 0 3 *modifiers for drive/slew settings:
Q 11 3 0
T 20 400 50 0 3 FPGA I/O Delays (lvcmos33, ns)
Q 11 3 0
T 45 370 30 0 3 IBUF:  0.92
Q 11 3 0
T 45 345 30 0 3 IFD set/hold:  0.92/-0.12      Clk to Q:  0.65
Q 11 3 0
T 45 295 30 0 3 OBUF:  2.33
Q 11 3 0
T 800 530 30 0 3 4-FG:  0.32        5-FG:  0.65
Q 11 3 0
T 800 450 30 0 3 Async. pre-clr to Q:  1.25
Q 11 3 0
T 800 475 30 0 3 Sync. set-rst setup:  0.60
Q 11 3 0
T 800 500 30 0 3 FD set/hold:  0/0.14      Clk to Q:  0.38
Q 11 3 0
T 800 420 30 0 3 SR16 Clk to Q:  3.12
Q 11 3 0
T 800 395 30 0 3 SR32 Clk to Q:  3.49
Q 11 3 0
T 800 370 30 0 3 SI set/hold:  0.34/0.01
Q 11 3 0
T 20 560 50 0 3 DDU Timing Info
Q 11 3 0
T 1600 285 30 0 9 Meas'd on FIFO test board
Q 11 3 0
T 775 285 50 0 3 TI FIFO I/O Delays (ns)
Q 11 3 0
T 1105 375 30 0 3 to Q11 (low state)    3.22-3.34        3.23-3.31
Q 11 3 0
T 800 255 30 0 3 RCLK to Empty (low state)     Vcc:  3.38V        3.04V
Q 11 3 0
T 840 100 30 0 3 to Q11 True (high state)    3.31-3.87        3.51-4.06
Q 11 3 0
T 850 125 30 0 3 Max:  4.3,  Min:  2.5          3.32-3.62        3.40-3.64
Q 11 3 0
T 800 150 30 0 3 RCLK to Q11 False (low state)
Q 11 3 0
T 830 205 30 0 3 to Not Empty (high state)    3.22-3.34        3.23-3.31
Q 11 3 0
T 850 230 30 0 3 Max:  3.6,  Min:  2.5          3.02-3.18        3.20-3.29
Q 11 3 0
T 775 560 50 0 3 FPGA CLB Delays (ns)
Q 11 3 0
T 1210 745 20 0 9 DDU Status/Error 32
Q 11 0 0
T 1632 1 25 0 3 12J
Q 11 0 0
T 1535 680 30 0 9 BOE Status info:
Q 14 0 0
T 150 955 24 0 6 Page 15
Q 14 0 0
T 575 790 20 0 9 CRC/Integrity16
Q 11 0 0
T 1445 645 14 0 9 DDUsyncErr--
Q 14 0 0
T 1445 625 14 0 9 FiberErr--
Q 14 0 0
T 1445 605 14 0 9 NoLiveFiber--
Q 14 0 0
T 1445 580 14 0 9 CriticalErr--
Q 14 0 0
T 1445 560 14 0 9 SingleErr--
Q 14 0 0
T 1445 540 14 0 9 L1Aerr--
Q 14 0 0
T 1445 665 14 0 9 SingleWarn--
Q 14 0 0
T 1240 665 14 0 9 was DLLerr--
Q 14 0 0
U 1550 0 20 0 3 3 @SHEET=11
U 1510 0 20 0 9 3 @NAME=STAGE2
U 1310 5 20 0 9 3 @DATETIME=12-6-2006_14:07
N 3872
J 505 1040 8
J 630 1040 9
J 760 1025 8
J 630 1025 11
J 760 985 8
J 630 985 11
J 760 945 8
J 630 945 11
J 760 910 2
J 630 910 11
J 760 885 2
J 630 885 11
J 630 835 9
J 730 835 8
B 1 2
L 495 1045 24 0 3 0 1 0 DOD[65:0]
B 4 2
B 4 3
L 665 1030 18 0 3 0 1 0 DOD[15:0]
B 6 4
B 6 5
L 665 990 18 0 3 0 1 0 DOD[47:32]
B 8 6
B 8 7
L 665 950 18 0 3 0 1 0 DOD[63:48]
B 10 8
B 12 10
B 13 12
S 10 9
L 680 910 18 0 3 0 1 0 DOD64
S 12 11
L 680 885 18 0 3 0 1 0 DOD65
B 13 14
L 640 840 18 0 3 0 1 0 DOD[31:16]
N 3922
J 730 815 8
J 505 815 7
B 2 1
L 510 820 18 0 3 0 1 0 DDUFB[15:0]
N 3906
J 345 890 2
J 290 890 1
S 2 1
L 300 890 14 0 3 0 1 0 CLK
I 3911 FD16PE 1 345 850 0 1 '
C 3906 1 2 0
C 3910 2 23 0
C 3905 3 22 0
C 4006 1 24 0
C 3907 2 25 0
N 3909
J 30 930 7
J 90 930 8
B 1 2
L 30 935 18 0 3 0 1 0 OD[63:0]
N 3910
J 210 930 8
J 345 930 8
B 1 2
L 215 935 18 0 3 0 1 0 DDUCRC[15:0]
E
