V 51
K 224033052000 D690F
Y 0
D 0 0 1700 1100
Z 1
i 2892
N 2875
J 750 660 2
J 760 660 2
S 1 2
N 2892
J 1135 555 2
J 1145 555 2
S 1 2
N 2883
J 1050 620 7
J 1145 620 8
B 1 2
L 1050 625 18 0 3 0 1 0 S_BXN[11:0]
N 2882
J 1090 575 2
J 1145 575 2
S 1 2
L 1075 575 14 0 3 0 1 0 TOO_BIG
N 2874
J 760 540 2
J 750 540 2
S 2 1
N 2762
J 1580 650 9
J 1520 650 2
J 1520 690 2
J 1520 720 2
J 1470 750 8
J 1650 770 7
J 1580 770 9
J 1580 750 11
J 1580 720 11
J 1580 690 11
J 1520 670 2
J 1580 670 11
S 4 9
L 1510 720 20 0 3 0 1 0 SBX12
B 10 9
B 12 10
B 1 12
B 9 8
B 8 7
B 7 6
L 1575 775 20 0 3 0 1 0 SBX[15:0]
B 5 8
L 1480 755 20 0 3 0 1 0 SBX[11:0]
S 2 1
L 1510 650 20 0 3 0 1 0 SBX15
S 11 12
L 1510 670 20 0 3 0 1 0 SBX14
S 3 10
L 1510 690 20 0 3 0 1 0 SBX13
N 2790
J 1375 720 1
J 1450 720 2
S 1 2
L 1385 720 14 0 3 0 1 0 CLOSEL1A
N 2863
J 1465 440 2
J 1500 440 2
S 1 2
L 1455 440 14 0 3 0 1 1 L1A_WARN
N 2864
J 1335 440 1
J 1395 440 2
S 1 2
L 1340 440 14 0 3 0 1 0 L1A_WARN
N 2860
J 1455 460 2
J 1500 460 2
S 1 2
N 2365
J 175 885 2
J 225 885 2
S 1 2
L 155 885 14 0 3 0 1 0 L1PUSH_RST
N 2614
J 95 895 2
J 30 895 1
S 2 1
L 35 895 14 0 3 0 1 0 L1A_PUSH
N 2612
J 95 875 2
J 60 875 1
S 2 1
L 65 875 14 0 3 0 1 0 RST
N 2850
J 1450 330 1
J 1515 330 2
S 1 2
L 1455 330 14 0 3 0 1 0 DO_RST
N 2411
J 1545 170 2
J 1350 170 2
S 2 1
L 1345 170 14 0 3 0 1 0 L1AFF
N 2413
J 1350 190 2
J 1455 190 2
S 1 2
L 1345 190 14 0 3 0 1 0 L1AMT
N 2417
J 1545 255 2
J 1390 255 3
J 1350 210 2
J 1390 210 3
S 4 2
S 3 4
L 1345 210 14 0 3 0 1 0 L1AAF
S 2 1
N 2404
J 995 130 7
J 1060 130 8
B 1 2
L 995 135 14 0 3 0 1 0 SBX[15:0]
N 2406
J 985 150 1
J 1060 150 2
S 1 2
L 990 150 14 0 3 0 1 0 SL1A39
N 2407
J 1060 170 2
J 1015 170 1
S 2 1
L 1020 170 14 0 3 0 1 0 CLK40
N 2408
J 1060 190 2
J 985 190 1
S 2 1
L 990 190 14 0 3 0 1 0 L1A_POP
N 2412
J 1015 230 1
J 1060 230 2
S 1 2
L 1020 230 14 0 3 0 1 0 RST
N 2364
J 345 955 2
J 400 955 2
S 1 2
L 340 955 14 0 3 0 1 0 L1A_PUSH
N 2694
J 400 915 2
J 375 915 2
S 2 1
N 2689
J 400 895 2
J 370 895 1
S 2 1
L 375 895 14 0 3 0 1 0 CLK40
N 2695
J 365 865 1
J 400 865 2
S 1 2
L 370 865 14 0 3 0 1 0 RST
N 2832
J 590 870 2
J 615 870 2
S 1 2
N 2829
J 615 820 2
J 580 820 1
S 2 1
L 585 820 14 0 3 0 1 0 RST
N 2830
J 585 850 1
J 615 850 2
S 1 2
L 590 850 14 0 3 0 1 0 CLK40
I 2840 SR20CE 1 615 810 0 1 '
C 2832 2 16 0
C 2830 2 3 0
C 2829 1 14 0
C 2704 1 15 0
C 2835 1 18 0
I 2831 virtex:VCC 1 590 890 5 1 '
C 2832 1 2 0
N 2826
J 1055 955 8
J 1005 955 8
B 2 1
L 995 960 12 0 3 0 1 0 ZERO_L1A[7:0]
N 2819
J 880 885 1
J 935 885 2
S 1 2
L 885 885 14 0 3 0 1 0 L1A_PUSH
N 2817
J 1045 895 2
J 1055 895 2
S 1 2
N 2814
J 1055 825 2
J 1020 825 1
S 2 1
L 1025 825 14 0 3 0 1 0 RST
N 2815
J 1025 855 1
J 1055 855 2
S 1 2
L 1030 855 14 0 3 0 1 0 CLK40
N 2649
J 905 445 2
J 875 445 2
S 2 1
L 860 445 12 0 3 0 1 0 STARTIME
N 2646
J 905 405 2
J 870 405 1
S 2 1
L 875 405 14 0 3 0 1 0 CLK40
N 2650
J 905 375 2
J 835 375 1
S 2 1
L 845 375 12 0 3 0 1 0 STARTIME_RST
N 2648
J 1160 445 1
J 1025 445 2
S 2 1
L 1010 445 18 0 3 0 1 0 START_TIMEOUT
N 2806
J 1070 335 1
J 1115 335 2
S 1 2
L 1075 335 14 0 3 0 1 0 ST_CNT5
N 2442
J 590 460 2
J 550 460 2
S 2 1
L 535 460 12 0 3 0 1 0 STARTIME_CE
N 2444
J 590 410 2
J 550 410 2
S 2 1
L 535 410 12 0 3 0 1 0 STARTIME_RST
N 2363
J 225 915 2
J 190 915 1
S 2 1
L 195 915 14 0 3 0 1 0 CLK40
N 2443
J 590 440 2
J 555 440 1
S 2 1
L 560 440 14 0 3 0 1 0 CLK40
N 2620
J 405 390 1
J 470 390 2
S 1 2
L 410 390 12 0 3 0 1 1 LEXT_STOP
N 2621
J 470 410 2
J 435 410 1
S 2 1
L 440 410 14 0 3 0 1 0 RST
N 2622
J 470 430 2
J 415 430 1
S 2 1
L 425 430 20 0 3 0 1 0 BUSY
N 2439
J 430 450 2
J 470 450 2
S 1 2
L 415 450 14 0 3 0 1 0 SOME_RDY
N 2437
J 410 470 1
J 470 470 2
S 1 2
L 415 470 14 0 3 0 1 0 L1A_MT
N 2440
J 350 460 2
J 300 460 1
S 2 1
L 305 460 14 0 3 0 1 0 L1A_FAKE
N 2441
J 300 440 1
J 350 440 2
S 1 2
L 305 440 14 0 3 0 1 0 NOT_RDY
N 2362
J 110 945 2
J 65 945 1
S 2 1
L 70 945 14 0 3 0 1 0 L1A
N 2366
J 110 965 2
J 30 965 1
S 2 1
L 35 965 14 0 3 0 1 0 BYPASS_PUSH
N 2756
J 195 625 1
J 255 625 2
S 1 2
L 200 625 14 0 3 0 1 0 L1A_FAKE
N 2755
J 205 605 1
J 255 605 2
S 1 2
L 215 605 15 0 3 0 1 0 CLK40
N 2754
J 90 565 1
J 125 565 2
S 1 2
L 95 565 14 0 3 0 1 0 RST
N 2753
J 125 585 2
J 60 585 1
S 2 1
L 65 585 14 0 3 0 1 0 L1A_BYPASS
N 2752
J 205 575 2
J 255 575 2
S 1 2
L 195 575 14 0 3 0 1 0 BYPASS_RST
N 2751
J 560 645 2
J 630 645 1
S 1 2
L 545 645 14 0 3 0 1 0 L1A_BYPASS
N 2750
J 380 575 1
J 440 575 2
S 1 2
L 390 575 15 0 3 0 1 0 RST_EOE
N 2749
J 440 605 2
J 390 605 1
S 2 1
L 400 605 15 0 3 0 1 0 CLK40
N 2748
J 375 645 2
J 440 645 2
J 425 645 5
J 425 625 3
J 440 625 2
S 1 3
L 365 645 14 0 3 0 1 0 BYPASS_PUSH
S 3 2
S 4 3
S 4 5
N 2747
J 255 645 2
J 195 645 1
S 2 1
L 200 645 14 0 3 0 1 0 DATA_RDY
N 2782
J 1425 895 1
J 1460 895 2
S 1 2
L 1430 895 14 0 3 0 1 0 CLK40
N 2783
J 1460 865 2
J 1425 865 1
S 2 1
L 1430 865 14 0 3 0 1 0 RST
N 2497
J 1535 200 2
J 1660 200 1
S 1 2
L 1610 200 14 0 3 0 1 0 L1A_MT
N 2579
J 60 115 2
J 30 115 1
S 2 1
L 35 115 12 0 3 0 1 0 BC_CLR
N 2576
J 30 95 1
J 60 95 2
S 1 2
L 35 95 14 0 3 0 1 0 RST
N 2574
J 65 165 2
J 30 165 1
S 2 1
L 35 165 14 0 3 0 1 0 BC0
N 2562
J 795 145 2
J 850 145 1
S 1 2
L 780 145 14 0 3 0 1 0 ZERO_BXN
N 2560
J 115 135 1
J 155 135 2
S 1 2
L 125 135 15 0 3 0 1 0 CLK40
N 2535
J 385 275 8
J 440 275 8
B 1 2
L 395 280 10 0 3 0 1 0 BLOAD[15:0]
N 2386
J 20 210 1
J 60 210 2
S 1 2
L 30 210 15 0 3 0 1 0 RST
I 110 PAGE 1 0 0 0 1 '
N 2387
J 60 240 2
J 20 240 1
S 2 1
L 25 240 15 0 3 0 1 0 CLK40
N 2570
J 330 155 2
J 310 155 1
S 2 1
L 315 155 14 0 3 0 1 0 RST
I 2568 virtex:OR2 1 65 145 0 1 '
C 2561 1 10 0
C 2569 1 9 0
C 2574 1 7 0
I 2575 virtex:OR2 1 60 75 0 1 '
C 2577 2 10 0
C 2579 1 9 0
C 2576 2 7 0
N 2577
J 155 105 2
J 140 105 2
S 2 1
L 125 105 12 0 3 0 1 0 BX_CLR
N 2561
J 145 175 2
J 155 175 2
S 1 2
L 130 175 14 0 3 0 1 0 BXZ
N 2389
J 675 115 8
J 610 115 7
B 2 1
L 615 120 14 0 3 0 1 0 BX_LIM[11:0]
N 2578
J 180 280 2
J 210 280 1
S 1 2
A 160 270 10 0 3 1 MAXDELAY=6.0NS
L 165 280 12 0 3 0 1 0 BC_CLR
N 2567
J 330 175 2
J 275 175 2
S 2 1
A 260 165 10 0 3 1 MAXDELAY=6.0NS
L 300 175 12 0 3 0 1 0 BC_SET
N 2569
J 65 185 2
J 20 185 1
S 2 1
L 25 185 12 0 3 0 1 0 ZERO_BXN
N 2580
J 60 280 2
J 20 280 1
S 2 1
L 25 280 12 0 3 0 1 0 BC_SET
I 2582 virtex:FDC_1 1 60 200 0 1 '
C 2578 1 4 0
C 2580 1 1 0
C 2386 2 6 0
C 2387 1 8 0
I 2438 virtex:AND2 1 350 420 0 1 '
C 2439 1 20 0
C 2440 1 18 0
C 2441 2 19 0
I 2436 virtex:OR2B1 1 470 490 6 1 '
C 2442 2 10 0
C 2439 2 9 0
C 2437 2 7 0
I 2619 virtex2p:OR3B1 1 470 370 0 1 '
C 2620 2 2 0
C 2621 1 4 0
C 2622 1 3 0
C 2444 2 5 0
N 2377
J 410 195 1
J 440 195 2
S 1 2
L 415 195 14 0 3 0 1 0 CLK40
N 2373
J 430 215 2
J 440 215 2
S 1 2
N 2573
J 440 235 2
J 430 235 2
S 2 1
N 2403
J 675 175 8
J 605 175 9
J 605 275 9
J 560 275 8
B 2 1
L 620 180 14 0 3 0 1 0 BXN[11:0]
B 2 3
B 4 3
L 550 280 18 0 3 0 1 0 BXN[15:0]
I 2448 virtex:CB16CE 1 590 400 0 1 '
X 16 0
C 2449 7 4 0
C 2442 1 15 0
C 2443 1 3 0
C 2444 1 14 0
X 13 0
I 2559 virtex:FDC 1 155 95 0 1 '
C 2567 2 4 0
C 2561 2 1 0
C 2577 1 6 0
C 2560 2 3 0
I 2571 virtex:OR2 1 330 135 0 1 '
C 2570 1 7 0
C 2567 1 9 0
C 2572 2 10 0
I 2537 16BIT01 1 315 265 0 1 '
C 2535 1 1 0
I 2533 virtex:CB16CLE 1 440 155 0 1 '
C 2403 4 23 0
X 24 0
X 13 0
C 2535 2 22 0
C 2573 1 20 0
C 2572 1 14 0
C 2377 2 3 0
C 2373 2 15 0
N 2572
J 440 165 2
J 410 165 2
S 2 1
L 400 165 12 0 3 0 1 0 SET_BXN
I 2401 COMP12 1 675 75 0 1 '
C 2389 1 22 0
C 2403 1 19 0
C 2562 1 13 0
I 2369 virtex:OR2 1 110 925 0 1 '
C 2362 1 7 0
C 2366 1 9 0
C 2367 2 10 0
I 2613 virtex2p:FDR 1 225 875 0 1 '
C 2365 2 6 0
C 2364 1 4 0
C 2367 1 1 0
C 2363 1 3 0
I 2693 virtex:VCC 1 375 935 5 1 '
C 2694 2 2 0
N 2784
J 1580 85 2
J 1675 85 1
S 1 2
L 1560 85 20 0 3 0 1 0 CLOSE_L1A
I 2776 virtex:GND 1 1480 710 3 1 '
C 2762 3 4 0
I 2789 virtex2p:BUF 1 1450 710 0 1 '
C 2790 2 2 0
C 2762 4 1 0
I 2414 virtex:AND2B1 1 1545 215 0 1 '
C 2416 6 19 0
C 2417 1 18 0
C 2405 1 20 0
I 2415 virtex:AND2B1 1 1545 210 6 1 '
C 2418 2 20 0
C 2411 1 18 0
C 2416 5 19 0
I 2498 virtex:AND2B1 1 1455 230 6 1 '
C 2416 8 19 0
C 2413 2 18 0
C 2497 1 20 0
N 2367
J 225 955 2
J 190 955 2
S 2 1
L 180 955 14 0 3 0 1 0 USE_L1A
N 2780
J 1665 935 1
J 1580 935 2
S 2 1
L 1570 935 14 0 3 0 1 0 CLOSEL1A+1
I 2757 virtex:OR2 1 125 545 0 1 '
C 2754 2 7 0
C 2753 1 9 0
C 2752 1 10 0
I 2758 virtex:FDCE 1 255 565 0 1 '
C 2755 2 3 0
C 2756 2 2 0
C 2752 2 6 0
C 2747 1 1 0
C 2748 1 4 0
I 2759 virtex:FDCE 1 440 565 0 1 '
C 2751 1 4 0
C 2748 2 1 0
C 2750 2 6 0
C 2748 5 2 0
C 2749 1 3 0
N 2737
J 1165 690 2
J 1175 690 2
S 1 2
I 2736 virtex:GND 1 1125 710 3 1 '
C 2737 1 4 0
I 2383 virtex:VCC 1 430 235 5 1 '
C 2373 1 2 0
I 2644 virtex:AND2 1 795 415 0 1 '
C 2449 1 19 0
C 2449 3 18 0
C 2649 2 20 0
N 2805
J 1115 355 2
J 1015 355 1
S 2 1
L 1020 355 15 0 3 0 1 0 NO_LIVE_FIBERS
N 2808
J 1195 345 2
J 1290 345 1
S 1 2
L 1180 345 15 0 3 0 1 0 NONE_LIVE_GO
I 2647 virtex:FDC 1 905 365 0 1 '
C 2648 2 4 0
C 2649 1 1 0
C 2650 1 6 0
C 2646 1 3 0
I 2581 virtex:GND 1 390 255 3 1 '
C 2573 2 4 0
N 2813
J 1055 915 2
J 1000 915 1
S 2 1
L 1005 915 14 0 3 0 1 0 L1A_PUSH
N 2821
J 1015 875 2
J 1055 875 2
S 1 2
L 1005 875 12 0 3 0 1 0 L1A_CNT_CE
N 2822
J 1175 955 8
J 1290 955 8
B 1 2
L 1165 960 18 0 3 0 1 0 L1A_CNT[7:0]
N 2825
J 1240 895 8
J 1290 895 8
B 1 2
L 1230 900 12 0 3 0 1 0 SING_L1A[7:0]
N 2798
J 1460 935 2
J 1410 935 2
S 2 1
L 1405 935 14 0 3 0 1 0 CLOSEL1A
I 2781 virtex:FDC 1 1460 855 0 1 '
C 2782 2 3 0
C 2783 1 6 0
C 2798 1 1 0
C 2780 2 4 0
I 2811 virtex2p:COMPM8 1 1290 855 0 1 '
X 24 0
C 2798 2 23 0
C 2825 2 22 0
C 2822 2 19 0
I 2824 8BIT01 1 1170 885 0 1 '
C 2825 1 1 0
I 2812 virtex2p:CC8CLED 1 1055 815 0 1 '
C 2826 1 22 0
C 2822 1 23 0
C 2817 2 20 0
C 2814 1 14 0
C 2815 2 3 0
C 2821 2 15 0
C 2813 1 21 0
X 13 0
X 24 0
I 2816 virtex:GND 1 1005 915 3 1 '
C 2817 1 4 0
I 2818 virtex2p:XOR2 1 935 845 0 1 '
C 2821 1 1 0
C 2819 2 2 0
C 2835 4 3 0
I 2823 8BIT0 1 935 945 0 1 '
C 2826 2 1 0
I 2839 SR20CE 1 400 855 0 1 '
C 2704 4 18 0
C 2364 2 15 0
C 2695 2 14 0
C 2689 1 3 0
C 2694 1 16 0
N 2704
J 615 910 2
J 570 910 3
J 570 935 9
J 520 935 8
S 2 1
L 575 910 14 0 3 0 1 0 SL1A19
S 2 3
B 4 3
L 505 940 20 0 3 0 1 0 SL1A[19:0]
N 2835
J 735 890 8
J 785 890 9
J 785 865 3
J 935 865 2
B 1 2
L 720 895 20 0 3 0 1 0 SL1A[39:20]
S 3 2
S 3 4
L 885 865 14 0 3 0 1 0 SL1A39
N 2418
J 1660 180 1
J 1625 180 2
S 2 1
L 1615 180 14 0 3 0 1 0 L1A_F
N 2416
J 1450 235 5
J 1420 235 1
J 1450 210 3
J 1540 235 5
J 1545 190 2
J 1545 235 2
J 1540 190 3
J 1455 210 2
S 3 8
S 7 5
S 4 6
S 7 4
S 1 4
S 3 1
S 2 1
L 1425 235 14 0 3 0 1 0 DO_RST
N 2846
J 1515 290 2
J 1515 310 2
J 1445 310 9
J 1350 230 8
J 1365 230 9
J 1365 265 9
J 1445 265 9
J 1445 290 11
S 8 1
L 1455 290 14 0 3 0 1 0 L1AF_CNT1
S 3 2
L 1455 310 14 0 3 0 1 0 L1AF_CNT0
B 4 5
B 6 7
L 1345 270 14 0 3 0 1 0 L1AF_CNT[1:0]
B 7 8
B 8 3
B 5 6
I 2847 virtex2p:AND3B1 1 1515 350 6 1 '
C 2853 1 7 0
C 2846 1 1 0
C 2846 2 2 0
C 2850 2 3 0
I 2844 AF16B2047BRAM_AFAE_RPM 1 1060 90 0 1 '
C 2846 4 11 0
C 2417 3 10 0
C 2413 1 9 0
C 2411 2 8 0
C 2410 3 7 0
C 2412 2 6 0
C 2409 2 5 0
C 2408 1 4 0
C 2407 1 3 0
C 2406 2 2 0
C 2404 2 1 0
I 2611 virtex:OR2 1 95 855 0 1 '
C 2612 1 7 0
C 2614 1 9 0
C 2365 1 10 0
N 2405
J 1625 245 2
J 1675 245 1
S 1 2
L 1615 245 14 0 3 0 1 0 L1A_AF-1
N 2857
J 1660 460 1
J 1620 460 2
S 2 1
L 1610 460 14 0 3 0 1 0 L1A_AF
N 2409
J 1015 210 1
J 1060 210 2
S 1 2
L 1020 210 14 0 3 0 1 0 CLK
I 2778 virtex:GND 1 1480 690 3 1 '
C 2762 11 4 0
N 2858
J 1500 420 2
J 1470 420 1
S 2 1
L 1475 420 14 0 3 0 1 0 CLK
I 2861 virtex2p:FDPE 1 1500 380 0 1 '
C 2858 1 3 0
C 2863 2 2 0
C 2860 2 1 0
C 2856 1 14 0
C 2857 2 4 0
N 2853
J 1595 310 2
J 1670 310 1
S 1 2
L 1585 310 14 0 3 0 1 0 L1A_WARN
I 2862 virtex2p:INV 1 1395 430 0 1 '
C 2863 1 1 0
C 2864 2 2 0
N 2856
J 1500 490 2
J 1455 490 1
S 2 1
L 1460 490 14 0 3 0 1 0 L1A_AF-1
I 2859 virtex:GND 1 1415 480 3 1 '
C 2860 1 4 0
T 1670 1005 80 0 9 END
Q 12 4 0
T 1149 30 25 0 3 JRG
Q 11 0 0
T 1295 30 25 0 3 2
Q 11 0 0
T 750 0 20 0 3 CMS CSC Electronics
Q 11 0 0
T 751 18 20 0 3 DDU Controller
Q 11 0 0
T 751 38 20 0 3 DDU Input FIFO Control
Q 11 0 0
T 1510 30 25 0 3 D785C
Q 11 0 0
T 695 60 30 0 9 SPS BXN cycle from 0 to 923: CLR after 923=0x39B.
Q 11 0 0
T 1065 420 14 0 3 Later include another 16-bit FIFO for Trig/Evt Type?
Q 13 0 0
T 1635 0 25 0 3 3L
Q 11 0 0
T 335 250 20 0 3 not used
Q 11 0 0
T 820 475 30 0 3 Calibration START timeout 7.2usec: 288=0x0120.
Q 11 0 0
T 660 400 20 0 3 25ns clock period here
Q 11 0 0
T 25 515 30 0 3 Event START timeout 3.2usec: 128=1000/0000=0x80....
Q 11 0 0
T 130 690 24 0 3 that first 2 CFEB samples should always have good L1A#
Q 11 0 0
T 20 715 24 0 3 Then use SBXN12 output (Close_L1A ) for Stage2 DMB checks: 1000+
+  ns L1As means
Q 11 0 0
T 795 340 30 0 9 LHC BXN cycles from 0 to 3563
Q 11 0 0
T 850 310 30 0 9 Set to BX=0 one cycle after BX_LIM: 3563=1101/1110/1011=0xDEB
Q 11 0 0
T 1330 255 50 0 9 Store the BXN for every L1A:
Q 14 1 0
T 1685 330 30 0 9 set WARN
Q 11 0 0
T 1685 260 30 0 9 set BUSY
Q 11 0 0
U 1565 5 20 0 3 3 @SHEET=13
U 1510 5 20 0 9 3 @NAME=FIFOCTRL
U 1205 5 14 0 3 3 @DATETIME=7-31-2007_13:42
T 25 1030 50 0 3 L1A Proximity Tracker:  1000ns Close L1A Monitor
Q 14 1 0
T 495 995 40 0 3 (40 BX) closer than 950ns is Tricky for DMBs
Q 14 1 0
N 2741
J 1105 730 8
J 1175 730 8
B 1 2
L 1115 735 12 0 3 0 1 0 BXSUB[11:0]
N 2740
J 1080 770 7
J 1175 770 8
B 1 2
L 1080 775 18 0 3 0 1 0 BXN[11:0]
I 2866 ADSU12 1 1175 670 0 1 '
C 2737 2 9 0
C 2740 2 11 0
C 2741 2 10 0
C 2803 1 14 0
X 13 0
X 15 0
C 2745 1 12 0
I 2788 virtex:GND 1 1480 670 3 1 '
C 2762 2 4 0
I 2746 BUF12 1 1400 740 0 1 '
C 2762 5 1 0
C 2745 2 2 0
N 2745
J 1315 750 8
J 1400 750 8
B 1 2
L 1310 755 18 0 3 0 1 0 BX_N[11:0]
I 2867 12BIT028 1 1035 720 0 1 '
C 2741 1 1 0
I 2807 virtex:AND2 1 1115 315 0 1 '
C 2808 1 20 0
C 2805 1 18 0
C 2806 2 19 0
N 2410
J 1455 115 9
J 1565 115 7
J 1350 150 8
J 1365 150 9
J 1365 135 9
J 1455 135 9
B 1 6
B 5 4
B 5 6
L 1375 140 20 0 3 0 1 0 S_BXN[15:0]
B 3 4
B 1 2
L 1475 120 20 0 3 0 1 0 S_BXN[12:0]
N 2872
J 760 580 8
J 690 580 8
B 2 1
L 695 585 12 0 3 0 1 0 S_BXSUB[11:0]
I 2785 virtex2p:BUF 1 1510 75 0 1 '
C 2784 1 1 0
C 2878 2 2 0
N 2881
J 915 575 7
J 1010 575 8
B 1 2
L 915 580 18 0 3 0 1 0 S_BXN[11:8]
N 2449
J 795 435 2
J 740 435 3
J 795 455 2
J 750 455 3
J 750 480 11
J 805 480 7
J 710 480 8
J 740 480 11
S 2 8
S 4 5
B 8 5
B 5 6
B 7 8
L 705 485 18 0 3 0 1 0 ST_CNT[15:0]
S 4 3
L 755 455 14 0 3 0 1 0 ST_CNT5
S 2 1
L 755 435 14 0 3 0 1 0 ST_CNT8
N 2871
J 760 620 8
J 665 620 7
B 2 1
L 665 625 18 0 3 0 1 0 S_BXN[11:0]
N 2869
J 1145 600 8
J 900 600 8
B 2 1
L 935 605 20 0 3 0 1 0 FBXN[11:0]
N 2889
J 1320 610 2
J 1270 610 1
S 2 1
L 1280 610 14 0 3 0 1 0 S_BXN12
N 2879
J 1390 610 2
J 1425 610 11
J 1425 595 9
J 1425 635 9
J 1245 635 8
J 1535 595 7
S 1 2
L 1360 610 14 0 3 0 1 0 SBXN12
B 3 2
B 5 4
L 1255 640 20 0 3 0 1 0 SBXN[11:0]
B 2 4
B 3 6
L 1435 600 20 0 3 0 1 0 SBXN[12:0]
N 2878
J 1450 85 1
J 1510 85 2
S 1 2
L 1460 85 14 0 3 0 1 0 S_BXN12
T 20 775 24 0 3 Pipe all L1As for 1000ns, if more than 1 then set CloseL1A bit^^
+ ^
Q 11 0 0
N 2803
J 1175 810 2
J 1165 810 2
S 2 1
I 2804 virtex:VCC 1 1165 830 5 1 '
C 2803 2 2 0
I 2868 12BIT214 1 620 570 0 1 '
C 2872 2 1 0
I 2873 virtex:GND 1 710 560 3 1 '
C 2874 2 4 0
I 2870 ADSU12 1 760 520 0 1 '
C 2869 2 12 0
X 15 0
X 13 0
C 2875 2 14 0
C 2872 1 10 0
C 2871 1 11 0
C 2874 1 9 0
I 2880 AND4_BUS 1 1010 545 0 1 '
C 2881 2 18 0
C 2882 1 20 0
I 2891 virtex:VCC 1 1135 575 5 1 '
C 2892 1 2 0
I 2884 MUX2_12B 1 1145 545 0 1 '
C 2869 1 59 0
C 2883 2 58 0
C 2879 5 35 0
C 2892 2 28 0
C 2882 2 50 0
I 2888 virtex2p:BUF 1 1320 600 0 1 '
C 2879 1 1 0
C 2889 1 2 0
T 915 520 24 0 3 ^^^correction for 3564-4096 difference in bxn<40 case
Q 14 0 0
T 20 740 24 0 3 Finally, perform BX-40 to correct BXN and store CloseL1A as BXN 
+ bit-12 (& fix for BX<40 case).
Q 11 0 0
I 2876 virtex:VCC 1 750 680 5 1 '
C 2875 1 2 0
E
