V 51
K 224033052000 D690F
Y 0
D 0 0 1700 1100
Z 1
i 2794
N 2794
J 940 500 1
J 1010 500 2
S 1 2
L 945 500 14 0 3 0 1 0 L1ACNT_GT1
N 2791
J 590 365 2
J 510 365 1
S 2 1
L 515 365 14 0 3 0 1 0 ONE_NOT_MT
N 2788
J 670 375 2
J 765 375 1
S 1 2
L 655 375 14 0 3 0 1 0 D_ONE_NOT_MT
N 2778
J 1155 385 2
J 1190 385 2
S 1 2
N 2762
J 1155 335 1
J 1190 335 2
S 1 2
L 1160 335 14 0 3 0 1 0 RST
N 2761
J 1190 365 2
J 1155 365 1
S 2 1
L 1160 365 14 0 3 0 1 0 CLK40
N 2768
J 1120 425 2
J 1190 425 2
S 1 2
L 1110 425 14 0 3 0 1 0 L1ACNT_GT1-3
N 2747
J 330 385 2
J 305 385 1
S 2 1
L 310 385 14 0 3 0 1 0 SCLK
N 2585
J 935 900 2
J 950 900 2
S 1 2
N 2465
J 915 950 1
J 950 950 2
S 1 2
L 920 950 15 0 3 0 1 0 RST_EOE
N 2461
J 1230 875 7
J 1070 920 8
J 1110 920 9
J 1110 875 9
B 2 3
L 1065 925 18 0 3 0 1 0 LDMBDAV[15:0]
B 4 3
B 4 1
L 1120 880 18 0 3 0 1 0 LDMBDAV[14:0]
N 2460
J 855 920 7
J 950 920 8
B 1 2
L 855 925 18 0 3 0 1 0 DMBDAV[15:0]
N 2464
J 930 880 1
J 950 880 2
S 1 2
L 935 880 15 0 3 0 1 0 CLK
N 2322
J 1250 815 1
J 1285 815 2
S 1 2
L 1260 815 15 0 3 0 1 0 CLK
N 2325
J 1285 855 2
J 1230 855 1
S 2 1
L 1235 855 14 0 3 0 1 0 SPWD_ERROR
N 2324
J 1460 855 1
J 1405 855 2
S 2 1
L 1385 855 14 0 3 0 1 0 LSPWD_ERROR
N 2321
J 1285 1015 2
J 1250 1015 1
S 2 1
L 1260 1015 15 0 3 0 1 0 CLK
N 2318
J 1230 1055 1
J 1285 1055 2
S 1 2
L 1235 1055 14 0 3 0 1 0 RX_ERROR
N 2319
J 1405 1055 2
J 1460 1055 1
S 1 2
L 1385 1055 14 0 3 0 1 0 LRX_ERROR
N 2340
J 445 905 2
J 410 905 1
S 2 1
L 420 905 15 0 3 0 1 0 CLK
N 2341
J 390 945 1
J 445 945 2
S 1 2
L 395 945 14 0 3 0 1 0 L1A_ERROR
N 2342
J 640 945 1
J 565 945 2
S 2 1
L 550 945 14 0 3 0 1 0 L2L1A_ERROR
N 2686
J 1475 755 2
J 1600 755 1
S 1 2
L 1465 755 18 0 3 0 1 0 PENDTIMEOUT
N 2306
J 520 680 1
J 475 680 2
S 2 1
L 460 680 14 0 3 0 1 0 LGOODFW
N 2308
J 355 680 2
J 300 680 1
S 2 1
L 305 680 14 0 3 0 1 0 GOOD_FW
N 2302
J 320 640 1
J 355 640 2
S 1 2
L 330 640 15 0 3 0 1 0 CLK
N 2683
J 1320 685 1
J 1355 685 2
S 1 2
L 1325 685 14 0 3 0 1 0 RST
N 2684
J 1355 715 2
J 1320 715 1
S 2 1
L 1330 715 15 0 3 0 1 0 CLK
N 2666
J 960 970 1
J 995 970 2
S 1 2
L 965 970 14 0 3 0 1 0 RST
N 2667
J 975 1000 1
J 995 1000 2
S 1 2
L 980 1000 15 0 3 0 1 0 CLK
N 2668
J 975 1020 2
J 995 1020 2
S 1 2
I 2669 virtex:VCC 1 975 1040 5 1 '
C 2668 1 2 0
I 2670 FD4CEBUS 1 995 960 0 1 '
C 2665 1 4 0
C 2664 1 1 0
C 2666 2 8 0
C 2668 2 7 0
C 2667 2 3 0
I 2659 FD4CEBUS 1 805 960 0 1 '
C 2662 1 3 0
C 2661 1 7 0
C 2663 1 8 0
C 2658 2 1 0
C 2664 2 4 0
I 2660 virtex:VCC 1 785 1040 5 1 '
C 2661 2 2 0
N 2661
J 805 1020 2
J 785 1020 2
S 2 1
N 2662
J 805 1000 2
J 785 1000 1
S 2 1
L 790 1000 15 0 3 0 1 0 CLK
N 2663
J 805 970 2
J 770 970 1
S 2 1
L 775 970 14 0 3 0 1 0 RST
N 2664
J 995 1040 8
J 925 1040 8
B 2 1
L 915 1045 18 0 3 0 1 0 LLFOE[3:0]
N 2658
J 735 1040 8
J 805 1040 8
B 1 2
L 725 1045 18 0 3 0 1 0 LFOE[3:0]
N 2657
J 580 970 1
J 615 970 2
S 1 2
L 585 970 14 0 3 0 1 0 RST
N 2654
J 595 1000 1
J 615 1000 2
S 1 2
L 600 1000 15 0 3 0 1 0 CLK
N 2655
J 595 1020 2
J 615 1020 2
S 1 2
N 2361
J 435 1025 2
J 515 1025 1
S 1 2
L 430 1025 14 0 3 0 1 0 LLGOODLW
N 2360
J 315 1025 2
J 255 1025 1
S 2 1
L 265 1025 14 0 3 0 1 0 LGOODLW
N 2354
J 275 955 1
J 315 955 2
S 1 2
L 285 955 15 0 3 0 1 0 RST
N 2353
J 315 985 2
J 275 985 1
S 2 1
L 285 985 15 0 3 0 1 0 CLK
N 2639
J 30 845 1
J 90 845 2
S 1 2
L 40 845 14 0 3 0 1 0 NEXT_FIFO
N 2640
J 290 845 1
J 210 845 2
S 2 1
L 205 845 14 0 3 0 1 0 LNEXT_FIFO
N 2641
J 90 805 2
J 55 805 1
S 2 1
L 65 805 15 0 3 0 1 0 CLK
I 2642 virtex:FD 1 90 765 0 1 '
C 2640 2 4 0
C 2639 2 1 0
C 2641 1 3 0
I 2637 virtex:VCC 1 115 1055 5 1 '
C 2638 2 2 0
N 2638
J 140 1035 2
J 115 1035 2
S 2 1
N 2636
J 140 985 2
J 100 985 1
S 2 1
L 110 985 15 0 3 0 1 0 RST
N 2635
J 140 1015 2
J 105 1015 1
S 2 1
L 115 1015 15 0 3 0 1 0 CLK
N 2615
J 1250 795 1
J 1185 795 2
S 2 1
L 1170 795 14 0 3 0 1 0 LMOREDATA
N 2295
J 1000 795 1
J 1065 795 2
S 1 2
L 1005 795 14 0 3 0 1 0 MOREDATA
N 2298
J 1030 755 1
J 1065 755 2
S 1 2
L 1040 755 15 0 3 0 1 0 CLK
N 2605
J 120 470 2
J 85 470 1
S 2 1
L 95 470 15 0 3 0 1 0 CLK
N 2606
J 40 510 1
J 120 510 2
S 1 2
L 50 510 18 0 3 0 1 0 GOLDDAT
N 2607
J 310 510 2
J 240 510 2
S 2 1
L 230 510 18 0 3 0 1 0 LGOLDDAT
N 2608
J 380 510 2
J 450 510 1
S 1 2
L 370 510 18 0 3 0 1 1 LGOLDDAT
I 2609 virtex:FD 1 120 430 0 1 '
C 2607 2 4 0
C 2606 2 1 0
C 2605 1 3 0
I 2610 virtex:INV 1 310 500 0 1 '
C 2608 1 1 0
C 2607 1 2 0
N 2458
J 550 870 7
J 635 870 8
B 1 2
L 550 875 20 0 3 0 1 1 LLREN[3:0]
N 2459
J 885 870 7
J 755 870 8
B 2 1
L 745 875 20 0 3 0 1 1 LREN_FOUT[3:0]
N 2457
J 635 900 2
J 600 900 1
S 2 1
L 605 900 15 0 3 0 1 0 RST_EOE
N 2548
J 1275 955 2
J 1285 955 2
S 1 2
N 2553
J 1430 955 2
J 1405 955 2
S 2 1
N 2532
J 1150 490 1
J 1210 490 2
S 1 2
L 1155 490 14 0 3 0 1 0 START
N 2530
J 975 530 1
J 1010 530 2
S 1 2
L 980 530 14 0 3 0 1 0 CLK40
N 2529
J 1010 570 2
J 950 570 1
S 2 1
L 955 570 14 0 3 0 1 0 L1A_MT
N 2526
J 200 600 2
J 250 600 2
S 1 2
L 195 600 14 0 3 0 1 0 BUSY+3
N 2525
J 320 600 2
J 370 600 1
S 1 2
L 315 600 14 0 3 0 1 1 BUSY+3
N 2508
J 1290 530 2
J 1360 530 2
S 1 2
L 1280 530 14 0 3 0 1 0 STUCK_BUFF
N 2470
J 720 640 1
J 755 640 2
S 1 2
L 730 640 18 0 3 0 1 0 CLK
N 2426
J 1515 835 2
J 1475 835 1
S 2 1
L 1485 835 15 0 3 0 1 0 CLK
N 2356
J 295 760 1
J 355 760 2
S 1 2
L 305 760 15 0 3 0 1 0 CLK
N 2357
J 355 730 2
J 295 730 1
S 2 1
L 305 730 15 0 3 0 1 0 RST
N 2293
J 90 745 2
J 40 745 1
S 2 1
L 45 745 14 0 3 0 1 0 SP3_ANY
I 110 PAGE 1 0 0 0 1 '
N 2299
J 55 705 1
J 90 705 2
S 1 2
L 65 705 15 0 3 0 1 0 CLK
N 2351
J 355 800 2
J 275 800 1
S 2 1
L 285 800 14 0 3 0 1 0 LREN_TRUE
N 2294
J 210 745 2
J 290 745 1
S 1 2
L 220 745 14 0 3 0 1 0 LSP3_ANY
N 2502
J 1360 460 2
J 1325 460 1
S 2 1
L 1330 460 14 0 3 0 1 0 RST
N 2512
J 80 640 2
J 30 640 1
S 2 1
L 35 640 20 0 3 0 1 0 BUSY
N 2518
J 200 640 2
J 250 640 1
S 1 2
L 195 640 14 0 3 0 1 0 BUSY+1
N 2514
J 80 580 2
J 45 580 1
S 2 1
L 50 580 15 0 3 0 1 0 CLK40
N 2519
J 250 620 1
J 200 620 2
S 2 1
L 195 620 14 0 3 0 1 0 BUSY+2
N 2505
J 1210 570 2
J 1130 570 2
S 2 1
L 1155 570 14 0 3 0 1 0 L1A_MT+1
N 2501
J 1360 490 2
J 1325 490 1
S 2 1
L 1330 490 14 0 3 0 1 0 CLK40
N 2506
J 1210 530 2
J 1150 530 1
S 2 1
L 1155 530 14 0 3 0 1 0 L1A_FAKE
N 2507
J 1210 510 2
J 1150 510 1
S 2 1
L 1155 510 14 0 3 0 1 0 BUSY
N 2509
J 1590 530 1
J 1480 530 2
S 2 1
L 1470 530 20 0 3 0 1 0 STUCK_DATA
N 2551
J 1430 915 2
J 1400 915 1
S 2 1
L 1405 915 15 0 3 0 1 0 CLK40
N 2546
J 1255 915 1
J 1285 915 2
S 1 2
L 1260 915 15 0 3 0 1 0 CLK40
N 2552
J 1400 985 1
J 1430 985 2
S 1 2
L 1405 985 14 0 3 0 1 0 RST
N 2545
J 1285 985 2
J 1255 985 1
S 2 1
L 1260 985 14 0 3 0 1 0 RST
N 2554
J 1550 955 2
J 1590 955 1
S 1 2
L 1540 955 14 0 3 0 1 0 DO_RST
I 2588 FD4PE 1 635 800 0 1 '
C 2457 1 8 0
C 2459 2 4 0
C 2458 2 1 0
C 2590 1 7 0
C 2456 1 3 0
I 2584 virtex:VCC 1 935 920 5 1 '
C 2585 1 2 0
N 2466
J 685 700 1
J 755 700 2
S 1 2
L 690 700 18 0 3 0 1 0 GOLDDAT
I 2524 virtex:INV 1 250 590 0 1 '
C 2525 1 1 0
C 2526 2 2 0
N 2618
J 700 660 2
J 755 660 2
S 1 2
L 695 660 14 0 3 0 1 1 DAQ_WAIT
N 2358
J 475 800 2
J 555 800 1
S 1 2
L 465 800 14 0 3 0 1 0 LLREN_TRUE
I 2511 virtex:FDCE 1 1360 450 0 1 '
C 2501 1 3 0
C 2520 2 2 0
C 2502 1 6 0
C 2508 2 1 0
C 2509 2 4 0
N 2629
J 50 1055 7
J 140 1055 8
B 1 2
L 50 1060 18 0 3 0 1 0 FIFODAV[3:0]
N 2630
J 350 1055 7
J 260 1055 8
B 2 1
L 250 1060 18 0 3 0 1 0 LFIFODAV[3:0]
N 2628
J 75 925 1
J 175 925 2
S 1 2
L 85 925 14 0 3 0 1 0 LCTDATA_EXISTS
I 2631 FD4CEBUS 1 140 975 0 1 '
C 2630 2 4 0
C 2629 2 1 0
C 2636 1 8 0
C 2638 1 7 0
C 2635 1 3 0
N 2634
J 395 925 1
J 295 925 2
S 2 1
L 290 925 14 0 3 0 1 0 LCTDAT_EXISTS
N 2633
J 140 885 1
J 175 885 2
S 1 2
L 150 885 15 0 3 0 1 0 CLK
I 2285 virtex:FD 1 90 665 0 1 '
C 2299 2 3 0
C 2293 1 1 0
C 2294 1 4 0
N 2616
J 630 660 2
J 565 660 1
S 2 1
L 570 660 14 0 3 0 1 0 DAQ_WAIT
I 2589 virtex:VCC 1 615 870 5 1 '
C 2590 2 2 0
N 2590
J 635 850 2
J 615 850 2
S 2 1
N 2456
J 635 830 2
J 615 830 1
S 2 1
L 620 830 15 0 3 0 1 0 CLK
N 2472
J 755 610 2
J 720 610 1
S 2 1
L 725 610 14 0 3 0 1 0 RST
I 2653 FD4CEBUS 1 615 960 0 1 '
C 2658 1 4 0
C 2652 1 1 0
C 2657 2 8 0
C 2655 2 7 0
C 2654 2 3 0
I 2656 virtex:VCC 1 595 1040 5 1 '
C 2655 1 2 0
N 2665
J 1115 1040 8
J 1215 1040 7
B 1 2
L 1105 1045 18 0 3 0 1 0 LLLFOE[3:0]
N 2652
J 615 1040 8
J 525 1040 7
B 2 1
L 525 1045 18 0 3 0 1 0 FOE_REN[3:0]
N 2624
J 965 680 8
J 875 680 8
B 2 1
L 865 685 14 0 3 0 1 0 RECENTDAT[15:0]
N 2625
J 1125 680 1
J 1045 680 2
S 2 1
L 1030 680 14 0 3 0 1 0 RECENTDATA
I 2284 virtex:FD 1 1065 715 0 1 '
C 2298 2 3 0
C 2295 2 1 0
C 2615 2 4 0
N 2672
J 1345 630 3
J 1345 650 5
J 1355 650 2
J 1355 630 2
J 1220 650 1
S 1 2
S 1 4
S 2 3
S 5 2
L 1225 650 18 0 3 0 1 0 START_TIMEOUT
N 2675
J 1610 650 1
J 1475 650 2
S 2 1
L 1465 650 18 0 3 0 1 0 PSTARTTIMEOUT
N 2677
J 1320 610 1
J 1355 610 2
S 1 2
L 1330 610 15 0 3 0 1 0 CLK
N 2678
J 1355 580 2
J 1320 580 1
S 2 1
L 1325 580 14 0 3 0 1 0 RST
I 2685 virtex:FDCE 1 1355 675 0 1 '
C 2684 1 3 0
C 2671 3 2 0
C 2683 2 6 0
C 2671 4 1 0
C 2686 1 4 0
I 2673 virtex:FDCE 1 1355 570 0 1 '
C 2675 2 4 0
C 2672 3 1 0
C 2678 1 6 0
C 2672 4 2 0
C 2677 2 3 0
N 2671
J 1345 755 5
J 1225 755 1
J 1355 735 2
J 1355 755 2
J 1345 735 3
S 1 4
S 5 3
S 5 1
S 2 1
L 1230 755 18 0 3 0 1 0 END_TIMEOUT
I 2632 virtex:FD 1 175 845 0 1 '
C 2633 2 3 0
C 2628 2 1 0
C 2634 2 4 0
I 2328 virtex:FD 1 1285 775 0 1 '
C 2324 2 4 0
C 2325 1 1 0
C 2322 2 3 0
N 2434
J 1635 875 2
J 1680 875 1
S 1 2
L 1625 875 14 0 3 0 1 0 L1A_FF
N 2433
J 1515 855 2
J 1455 875 1
J 1515 875 2
J 1505 875 5
J 1505 855 3
S 5 1
S 4 3
S 5 4
S 2 4
L 1460 875 14 0 3 0 1 0 L1A_F
N 2477
J 1515 805 2
J 1460 805 1
S 2 1
L 1465 805 14 0 3 0 1 0 DO_RST
I 2339 virtex:FD 1 445 865 0 1 '
C 2342 2 4 0
C 2341 2 1 0
C 2340 1 3 0
I 2352 virtex:FDC 1 315 945 0 1 '
C 2353 1 3 0
C 2354 2 6 0
C 2360 1 1 0
C 2361 1 4 0
I 2435 virtex:FDCE 1 1515 795 0 1 '
C 2434 1 4 0
C 2433 3 1 0
C 2477 1 6 0
C 2433 1 2 0
C 2426 1 3 0
I 2547 virtex:GND 1 1235 975 3 1 '
C 2548 1 4 0
I 2544 virtex:FDP 1 1285 875 0 1 '
C 2546 2 3 0
C 2545 1 14 0
C 2548 2 1 0
C 2553 2 4 0
I 2550 virtex:FDP 1 1430 875 0 1 '
C 2554 1 4 0
C 2553 1 1 0
C 2552 2 14 0
C 2551 1 3 0
I 2315 virtex:FD 1 1285 975 0 1 '
C 2319 1 4 0
C 2318 2 1 0
C 2321 1 3 0
I 2586 FD16PE 1 950 840 0 1 '
C 2464 2 2 0
C 2460 2 23 0
C 2461 2 22 0
C 2465 2 24 0
C 2585 2 25 0
I 2305 virtex:FD 1 355 600 0 1 '
C 2302 2 3 0
C 2308 1 1 0
C 2306 2 4 0
I 2355 virtex:FDC 1 355 720 0 1 '
C 2358 1 4 0
C 2351 1 1 0
C 2357 1 6 0
C 2356 2 3 0
I 2617 virtex:INV 1 630 650 0 1 '
C 2616 1 2 0
C 2618 1 1 0
I 2467 virtex:SR16CE 1 755 600 0 1 '
C 2618 2 16 0
C 2470 2 3 0
C 2472 1 14 0
C 2466 2 15 0
C 2624 2 18 0
I 2623 OR16BUS 1 965 650 0 1 '
C 2624 1 9 0
C 2625 2 10 0
N 2515
J 45 550 1
J 80 550 2
S 1 2
L 50 550 14 0 3 0 1 0 RST
I 2513 virtex:SR4CE 1 80 540 0 1 '
C 2517 2 16 0
X 12 0
C 2526 1 11 0
C 2519 2 10 0
C 2518 1 4 0
C 2514 1 3 0
C 2515 2 14 0
C 2512 1 15 0
N 2517
J 55 600 2
J 80 600 2
S 1 2
I 2516 virtex:VCC 1 55 620 5 1 '
C 2517 1 2 0
N 2520
J 1310 510 1
J 1360 510 2
S 1 2
L 1315 510 14 0 3 0 1 1 BUSY+3
N 2749
J 330 355 2
J 280 355 1
S 2 1
L 285 355 14 0 3 0 1 0 RST_EOE
N 2751
J 330 405 2
J 305 405 2
S 2 1
I 2750 virtex:VCC 1 305 425 5 1 '
C 2751 2 2 0
I 2767 OR8_BUS 1 1040 395 0 1 '
C 2760 1 9 0
C 2768 1 10 0
I 2777 virtex:VCC 1 1155 405 5 1 '
C 2778 1 2 0
I 2776 virtex:SR4CE 1 1190 325 0 1 '
C 2778 2 16 0
C 2780 2 12 0
X 11 0
X 10 0
X 4 0
C 2761 1 3 0
C 2762 2 14 0
C 2768 2 15 0
I 2784 virtex2p:SR16CE 1 330 345 0 1 '
C 2751 1 16 0
C 2747 1 3 0
C 2749 1 14 0
C 2745 2 15 0
C 2789 4 18 0
N 2760
J 1040 425 8
J 935 425 7
B 2 1
L 935 430 18 0 3 0 1 0 L1A_CNT[7:0]
N 2789
J 590 385 2
J 495 385 3
J 495 425 9
J 450 425 8
S 2 1
L 505 385 14 0 3 0 1 0 ONE_NOT_MT+12
S 2 3
B 4 3
L 435 430 18 0 3 0 1 0 ONE_NOT_MT+[16:1]
I 2787 virtex2p:AND2 1 590 345 0 1 '
C 2788 1 20 0
C 2789 1 18 0
C 2791 1 19 0
N 2745
J 250 445 1
J 330 445 2
S 1 2
L 255 445 14 0 3 0 1 0 ONE_NOT_MT
T 1149 30 25 0 3 JRG
Q 11 0 0
T 1295 30 25 0 3 2
Q 11 0 0
T 750 0 20 0 3 CMS CSC Electronics
Q 11 0 0
T 751 18 20 0 3 DDU Controller
Q 11 0 0
T 751 38 20 0 3 DDU Input FIFO Control
Q 11 0 0
T 1510 30 25 0 3 D785C
Q 11 0 0
T 740 815 20 0 3 <<<---2 more clock delays to LEDs for these----^^^^^
Q 11 0 0
T 1055 945 20 0 3 Goes to STAGE2!
Q 11 0 0
T 1385 830 24 0 3 "Stage 3"
Q 13 0 0
T 1385 1030 24 0 3 "Stage 3"
Q 13 0 0
T 1635 0 25 0 3 3K
Q 11 0 0
T 330 320 24 0 3 ^^^1100-1200ns delay, prevents false StuckData
Q 11 0 0
T 275 295 24 0 3 caused by 1000ns L1A pipe delay in CloseL1A Monitor
Q 11 0 0
U 1205 5 14 0 3 3 @DATETIME=11-8-2006_11:09
U 1510 5 20 0 9 3 @NAME=FIFOCTRL
U 1565 5 20 0 3 3 @SHEET=12
I 2792 virtex2p:AND5B3 1 1210 470 0 1 '
C 2532 2 5 0
C 2507 1 4 0
C 2506 1 3 0
C 2781 2 1 0
C 2505 1 8 0
C 2508 1 6 0
N 2781
J 1130 550 1
J 1210 550 2
S 1 2
L 1135 550 14 0 3 0 1 0 D_ONE_NOT_MT
I 2793 virtex2p:FDC 1 1010 490 0 1 '
C 2505 2 4 0
C 2529 1 1 0
C 2794 2 6 0
C 2530 2 3 0
N 2780
J 1380 365 1
J 1310 365 2
S 2 1
L 1295 365 14 0 3 0 1 0 L1ACNT_GT1
E
