V 51
K 224033052000 D690F
Y 0
D 0 0 1700 1100
Z 1
i 3557
N 2673
J 565 930 8
J 585 805 8
J 460 805 11
J 460 930 11
J 335 995 8
J 460 995 9
J 460 740 11
J 335 740 8
J 335 910 8
J 460 910 11
J 335 825 8
J 460 825 11
J 590 705 7
J 460 705 9
B 7 3
B 5 6
L 335 1000 18 0 3 0 1 0 DMB_RD[3:0]
B 4 6
B 8 7
L 335 745 18 0 3 0 1 0 DMB_RD[15:12]
B 9 10
L 335 915 18 0 3 0 1 0 DMB_RD[7:4]
B 11 12
L 335 830 18 0 3 0 1 0 DMB_RD[11:8]
B 12 10
B 3 12
B 14 7
B 10 4
B 14 13
L 475 710 18 0 3 0 1 0 DMB_RD[15:0]
B 3 2
L 470 810 18 0 3 0 1 0 DMB_RD[14:0]
B 4 1
L 470 935 18 0 3 0 1 0 DMB_RD[14:0]
N 2713
J 690 930 2
J 645 930 2
S 2 1
L 635 930 14 0 3 0 1 0 DMB_DAV
N 3556
J 1480 785 2
J 1415 785 1
S 2 1
L 1425 785 15 0 3 0 1 0 RST_BOE
N 3501
J 1375 215 2
J 1460 215 2
S 1 2
L 1390 215 14 0 3 0 1 1 DMBLIVE_OK
N 3452
J 1045 115 2
J 1055 115 2
S 1 2
N 3449
J 1300 135 7
J 1175 135 8
B 2 1
L 1165 140 18 0 3 0 1 0 L2DMB_RD[14:0]
N 3455
J 930 135 7
J 1055 135 8
B 1 2
L 935 140 18 0 3 0 1 0 LDMB_RD[14:0]
N 3450
J 1055 65 2
J 1000 65 1
S 2 1
L 1010 65 15 0 3 0 1 0 RST
N 3454
J 1030 95 1
J 1055 95 2
S 1 2
L 1040 95 14 0 3 0 1 0 CLK
N 3525
J 1250 430 1
J 1335 410 2
J 1335 430 2
J 1325 430 5
J 1325 410 3
S 1 4
L 1255 430 18 0 3 0 1 0 OE_HDR
S 5 2
S 4 3
S 5 4
N 3524
J 1310 360 1
J 1335 360 2
S 1 2
L 1315 360 15 0 3 0 1 0 RST
N 3523
J 1335 390 2
J 1310 390 1
S 2 1
L 1320 390 14 0 3 0 1 0 CLK
N 3510
J 1335 1050 1
J 1410 1050 2
J 1400 1050 5
J 1400 1030 3
J 1410 1030 2
S 1 3
L 1345 1050 12 0 3 0 1 0 E-C-ERR
S 3 2
S 4 3
S 4 5
N 3512
J 1480 710 2
J 1455 710 1
S 2 1
L 1465 710 14 0 3 0 1 0 CLK
N 3513
J 1385 1010 1
J 1410 1010 2
S 1 2
L 1395 1010 14 0 3 0 1 0 CLK
N 3517
J 1600 750 2
J 1675 750 1
S 1 2
L 1595 750 12 0 3 0 1 0 BEGIN-C-ERR
N 3518
J 1605 1050 1
J 1530 1050 2
S 2 1
L 1525 1050 12 0 3 0 1 0 END-C-ERR
N 3519
J 1480 730 2
J 1405 750 1
J 1480 750 2
J 1470 750 5
J 1470 730 3
S 5 1
S 2 4
L 1415 750 12 0 3 0 1 0 B-C-ERR
S 4 3
S 5 4
N 3509
J 1480 940 2
J 1425 940 1
S 2 1
L 1430 940 12 0 3 0 1 0 END-C-CODE
N 3508
J 1410 960 1
J 1480 960 2
S 1 2
L 1415 960 12 0 3 0 1 0 BAD_C-CODE
N 3480
J 1415 515 1
J 1440 515 2
S 1 2
L 1425 515 14 0 3 0 1 0 CLK
N 2726
J 805 980 2
J 820 980 2
S 1 2
N 2711
J 820 940 2
J 770 940 2
S 2 1
L 760 940 14 0 3 0 1 0 SHIFT_DAV
N 2624
J 1045 960 7
J 940 960 8
B 2 1
L 930 965 18 0 3 0 1 0 DMB_SEL[3:0]
N 2710
J 785 920 1
J 820 920 2
S 1 2
L 795 920 15 0 3 0 1 0 CLK
N 2715
J 820 890 2
J 760 890 1
S 2 1
L 765 890 14 0 3 0 1 0 NEXT_FIFO
N 2714
J 625 950 1
J 690 950 2
S 1 2
L 635 950 14 0 3 0 1 0 DMB_END
N 3445
J 585 765 2
J 560 765 1
S 2 1
L 570 765 14 0 3 0 1 0 CLK
I 3446 virtex:VCC 1 575 805 5 1 '
C 3447 2 2 0
N 3447
J 585 785 2
J 575 785 2
S 2 1
N 3437
J 415 425 2
J 390 425 1
S 2 1
L 400 425 14 0 3 0 1 0 CLK
N 3432
J 915 325 7
J 965 325 8
B 1 2
L 915 330 14 0 3 0 1 0 OUT[51:48]
N 3431
J 975 440 8
J 925 440 7
B 2 1
L 925 445 14 0 3 0 1 0 OUT[51:48]
N 3430
J 925 555 7
J 975 555 8
B 1 2
L 925 560 14 0 3 0 1 0 OUT[51:48]
N 3409
J 975 535 2
J 925 535 1
S 2 1
L 930 535 12 0 3 0 1 0 LD_FDAV1
I 3411 FD4CEBUS 1 965 245 0 1 '
C 3429 4 4 0
C 3432 2 1 0
C 3427 1 8 0
C 3426 2 7 0
C 3425 1 3 0
I 3412 FD4CEBUS 1 965 590 0 1 '
C 3424 1 3 0
C 3423 2 7 0
C 3422 2 8 0
C 3410 1 1 0
C 3429 8 4 0
I 3413 FD4CEBUS 1 975 475 0 1 '
C 3429 12 4 0
C 3430 2 1 0
C 3418 1 8 0
C 3409 1 7 0
C 3416 2 3 0
I 3414 FD4CEBUS 1 975 360 0 1 '
C 3417 2 3 0
C 3415 1 7 0
C 3419 2 8 0
C 3431 1 1 0
C 3429 3 4 0
N 3415
J 975 420 2
J 925 420 1
S 2 1
L 930 420 12 0 3 0 1 0 LD_FDAV2
N 3417
J 950 400 1
J 975 400 2
S 1 2
L 960 400 14 0 3 0 1 0 CLK
N 3418
J 975 485 2
J 935 485 1
S 2 1
L 945 485 12 0 3 0 1 0 RST_EOE
N 3419
J 935 370 1
J 975 370 2
S 1 2
L 945 370 12 0 3 0 1 0 RST_EOE
N 3422
J 925 600 1
J 965 600 2
S 1 2
L 935 600 12 0 3 0 1 0 RST_EOE
N 3423
J 915 650 1
J 965 650 2
S 1 2
L 920 650 12 0 3 0 1 0 LD_FDAV0
N 3424
J 965 630 2
J 940 630 1
S 2 1
L 950 630 14 0 3 0 1 0 CLK
N 3425
J 965 285 2
J 940 285 1
S 2 1
L 950 285 14 0 3 0 1 0 CLK
N 3426
J 915 305 1
J 965 305 2
S 1 2
L 920 305 12 0 3 0 1 0 LD_FDAV3
N 3427
J 965 255 2
J 925 255 1
S 2 1
L 935 255 12 0 3 0 1 0 RST_EOE
N 3397
J 1290 845 2
J 1340 845 2
S 1 2
L 1280 845 14 0 3 0 1 0 CTEST2
N 3392
J 1160 835 1
J 1210 835 2
S 1 2
L 1165 835 14 0 3 0 1 0 OUT45
N 3393
J 1210 815 2
J 1160 815 1
S 2 1
L 1165 815 14 0 3 0 1 0 OUT44
N 3390
J 1160 725 1
J 1210 725 2
S 1 2
L 1165 725 14 0 3 0 1 0 OUT60
N 3391
J 1210 745 2
J 1160 745 1
S 2 1
L 1165 745 14 0 3 0 1 0 OUT61
N 3389
J 1160 905 1
J 1210 905 2
S 1 2
L 1165 905 14 0 3 0 1 0 OUT28
N 3375
J 1210 1035 2
J 1160 1035 1
S 2 1
L 1165 1035 14 0 3 0 1 0 OUT14
N 3376
J 1160 945 1
J 1210 945 2
S 1 2
L 1165 945 14 0 3 0 1 0 OUT30
N 3377
J 1210 965 2
J 1160 965 1
S 2 1
L 1165 965 14 0 3 0 1 0 OUT31
N 3378
J 1160 785 1
J 1210 785 2
S 1 2
L 1165 785 14 0 3 0 1 0 OUT63
N 3379
J 1210 765 2
J 1160 765 1
S 2 1
L 1165 765 14 0 3 0 1 0 OUT62
N 3380
J 1160 855 1
J 1210 855 2
S 1 2
L 1165 855 14 0 3 0 1 0 OUT46
N 3381
J 1210 875 2
J 1160 875 1
S 2 1
L 1165 875 14 0 3 0 1 0 OUT47
N 3339
J 750 600 7
J 760 670 8
J 875 670 9
J 750 635 7
J 875 635 11
J 875 600 11
J 760 325 8
J 875 325 9
J 770 440 8
J 875 440 11
J 875 555 11
J 770 555 8
B 1 6
L 750 605 18 0 3 0 1 0 DMBDAV[14:0]
B 2 3
L 750 675 18 0 3 0 1 0 DMBDAV[3:0]
B 5 3
B 4 5
L 750 640 18 0 3 0 1 0 DMBDAV[15:0]
B 6 5
B 11 6
B 7 8
L 745 330 18 0 3 0 1 0 DMBDAV[15:12]
B 8 10
B 9 10
L 755 445 18 0 3 0 1 0 DMBDAV[11:8]
B 10 11
B 12 11
L 760 560 18 0 3 0 1 0 DMBDAV[7:4]
N 3340
J 590 325 7
J 640 325 8
B 1 2
L 590 330 14 0 3 0 1 0 OUT[35:32]
N 3341
J 600 255 1
J 640 255 2
S 1 2
L 610 255 12 0 3 0 1 0 RST_EOE
N 3342
J 640 305 2
J 590 305 1
S 2 1
L 595 305 12 0 3 0 1 0 LD_FDAV3
N 3343
J 615 285 1
J 640 285 2
S 1 2
L 625 285 14 0 3 0 1 0 CLK
N 3345
J 640 650 2
J 590 650 1
S 2 1
L 595 650 12 0 3 0 1 0 LD_FDAV0
N 3346
J 640 600 2
J 600 600 1
S 2 1
L 610 600 12 0 3 0 1 0 RST_EOE
N 3348
J 650 440 8
J 600 440 7
B 2 1
L 600 445 14 0 3 0 1 0 OUT[35:32]
N 3349
J 650 555 8
J 600 555 7
B 2 1
L 600 560 14 0 3 0 1 0 OUT[35:32]
N 3350
J 650 370 2
J 610 370 1
S 2 1
L 620 370 12 0 3 0 1 0 RST_EOE
N 3351
J 610 485 1
J 650 485 2
S 1 2
L 620 485 12 0 3 0 1 0 RST_EOE
N 3352
J 650 400 2
J 625 400 1
S 2 1
L 635 400 14 0 3 0 1 0 CLK
N 3353
J 650 515 2
J 625 515 1
S 2 1
L 635 515 14 0 3 0 1 0 CLK
N 3355
J 600 420 1
J 650 420 2
S 1 2
L 605 420 12 0 3 0 1 0 LD_FDAV2
I 3356 FD4CEBUS 1 650 360 0 1 '
C 3339 9 4 0
C 3348 1 1 0
C 3350 1 8 0
C 3355 2 7 0
C 3352 1 3 0
I 3357 FD4CEBUS 1 650 475 0 1 '
C 3353 1 3 0
C 3354 2 7 0
C 3351 2 8 0
C 3349 1 1 0
C 3339 12 4 0
I 3358 FD4CEBUS 1 640 590 0 1 '
C 3339 2 4 0
C 3347 2 1 0
C 3346 1 8 0
C 3345 1 7 0
C 3344 2 3 0
I 3359 FD4CEBUS 1 640 245 0 1 '
C 3343 2 3 0
C 3342 1 7 0
C 3341 2 8 0
C 3340 2 1 0
C 3339 7 4 0
N 3306
J 245 435 1
J 295 435 2
S 1 2
L 250 435 12 0 3 0 1 0 LD_FDAV3
N 3307
J 295 455 2
J 245 455 1
S 2 1
L 250 455 12 0 3 0 1 0 LD_FDAV2
N 3308
J 295 475 2
J 245 475 1
S 2 1
L 250 475 12 0 3 0 1 0 LD_FDAV1
N 3309
J 245 495 1
J 295 495 2
S 1 2
L 250 495 12 0 3 0 1 0 LD_FDAV0
N 3312
J 95 355 2
J 50 355 1
S 2 1
L 60 355 14 0 3 0 1 0 OEFOK
N 3313
J 50 435 1
J 95 435 2
S 1 2
L 60 435 14 0 3 0 1 0 OEFOK
N 3314
J 95 515 2
J 50 515 1
S 2 1
L 60 515 14 0 3 0 1 0 OEFOK
N 3318
J 20 655 1
J 95 655 2
S 1 2
L 30 655 14 0 3 0 1 0 FOE_REN0
N 3319
J 20 615 1
J 95 615 2
S 1 2
L 25 615 18 0 3 0 1 0 DOFW+1
N 3320
J 95 495 2
J 20 495 1
S 2 1
L 30 495 14 0 3 0 1 0 FOE_REN2
N 3321
J 20 475 1
J 95 475 2
S 1 2
L 25 475 14 0 3 0 1 0 LREN_TRUE
N 3322
J 95 455 2
J 20 455 1
S 2 1
L 25 455 18 0 3 0 1 0 DOFW+1
N 3323
J 20 415 1
J 95 415 2
S 1 2
L 30 415 14 0 3 0 1 0 FOE_REN3
N 3324
J 95 395 2
J 20 395 1
S 2 1
L 25 395 14 0 3 0 1 0 LREN_TRUE
N 3325
J 20 375 1
J 95 375 2
S 1 2
L 25 375 18 0 3 0 1 0 DOFW+1
N 3326
J 95 535 2
J 20 535 1
S 2 1
L 25 535 18 0 3 0 1 0 DOFW+1
N 3327
J 20 555 1
J 95 555 2
S 1 2
L 25 555 14 0 3 0 1 0 LREN_TRUE
N 3328
J 95 575 2
J 20 575 1
S 2 1
L 30 575 14 0 3 0 1 0 FOE_REN1
N 3332
J 95 635 2
J 20 635 1
S 2 1
L 25 635 14 0 3 0 1 0 LREN_TRUE
N 3333
J 50 595 1
J 95 595 2
S 1 2
L 60 595 14 0 3 0 1 0 OEFOK
N 3338
J 500 600 7
J 420 600 8
B 2 1
L 415 605 14 0 3 0 1 0 LD_FDAV[3:0]
I 3311 virtex2p:AND4 1 95 335 0 1 '
C 3329 3 6 0
C 3323 2 1 0
C 3324 1 3 0
C 3325 2 4 0
C 3312 1 5 0
I 3331 FD4CEBUS 1 300 520 0 1 '
C 3338 2 4 0
C 3329 10 1 0
C 3317 1 8 0
C 3315 2 7 0
C 3316 2 3 0
I 3334 virtex2p:AND4 1 95 575 0 1 '
C 3333 2 5 0
C 3319 2 4 0
C 3332 1 3 0
C 3318 2 1 0
C 3329 1 6 0
I 3336 virtex2p:AND4 1 95 495 0 1 '
C 3329 7 6 0
C 3328 1 1 0
C 3327 2 3 0
C 3326 1 4 0
C 3314 1 5 0
I 3337 virtex2p:AND4 1 95 415 0 1 '
C 3313 2 5 0
C 3322 1 4 0
C 3321 2 3 0
C 3320 1 1 0
C 3329 5 6 0
N 3304
J 545 145 1
J 635 145 1
S 1 2
L 550 145 12 0 3 0 1 1 LEXT_STOP
N 2957
J 145 160 2
J 90 160 1
S 2 1
L 100 160 14 0 3 0 1 0 FDONE
N 2936
J 675 165 2
J 765 165 2
S 1 2
L 680 165 12 0 3 0 1 1 EXT_STOP
N 2942
J 130 105 1
J 210 105 2
S 1 2
L 135 105 12 0 3 0 1 1 LEXT_STOP
N 2938
J 340 145 2
J 250 145 1
S 2 1
L 255 145 12 0 3 0 1 1 EXT_STOP
N 2889
J 765 125 2
J 725 125 1
S 2 1
L 735 125 15 0 3 0 1 0 CLK
N 2890
J 290 95 2
J 340 95 2
S 1 2
L 275 95 12 0 3 0 1 0 RST_WAITCNT
N 2891
J 340 125 2
J 300 125 1
S 2 1
L 310 125 15 0 3 0 1 0 CLK
N 2894
J 585 105 2
J 550 105 1
S 2 1
L 560 105 14 0 3 0 1 0 RST
N 2896
J 525 85 1
J 585 85 2
S 1 2
L 530 85 14 0 3 0 1 0 DODATA
N 2685
J 175 970 1
J 255 970 2
S 1 2
L 185 970 14 0 3 0 1 0 FOE_REN0
N 2721
J 150 995 7
J 255 995 8
B 1 2
L 150 1000 18 0 3 0 1 0 DMB_SEL[3:0]
N 2716
J 120 1020 7
J 255 1020 8
B 1 2
L 120 1025 18 0 3 0 1 0 DMBDAV[3:0]
N 2717
J 120 935 7
J 255 935 8
B 1 2
L 120 940 18 0 3 0 1 0 DMBDAV[7:4]
N 2722
J 255 910 8
J 150 910 7
B 2 1
L 150 915 18 0 3 0 1 0 DMB_SEL[3:0]
N 2686
J 255 885 2
J 175 885 1
S 2 1
L 185 885 14 0 3 0 1 0 FOE_REN1
N 2719
J 120 765 7
J 255 765 8
B 1 2
L 120 770 18 0 3 0 1 0 DMBDAV[15:12]
N 2724
J 150 740 7
J 255 740 8
B 1 2
L 150 745 18 0 3 0 1 0 DMB_SEL[3:0]
N 2684
J 255 800 2
J 175 800 1
S 2 1
L 185 800 14 0 3 0 1 0 FOE_REN2
N 2723
J 255 825 8
J 150 825 7
B 2 1
L 150 830 18 0 3 0 1 0 DMB_SEL[3:0]
N 2718
J 120 850 7
J 255 850 8
B 1 2
L 120 855 18 0 3 0 1 0 DMBDAV[11:8]
I 110 PAGE 1 0 0 0 1 '
I 2744 4AND3COM1 1 255 785 0 1 '
C 2718 2 4 0
C 2723 1 3 0
C 2684 1 5 0
C 2673 11 6 0
I 2745 4AND3COM1 1 255 700 0 1 '
C 2673 8 6 0
C 2683 2 5 0
C 2724 2 3 0
C 2719 2 4 0
I 2743 4AND3COM1 1 255 870 0 1 '
C 2673 9 6 0
C 2686 1 5 0
C 2722 1 3 0
C 2717 2 4 0
N 2897
J 460 125 2
J 585 125 2
S 1 2
L 475 125 14 0 3 0 1 0 WAITCNT1023
N 2895
J 665 105 2
J 730 105 1
S 1 2
L 655 105 12 0 3 0 1 0 RST_STOP
N 2885
J 765 195 2
J 715 195 1
S 2 1
L 725 195 12 0 3 0 1 0 RST_STOP
N 2933
J 885 165 2
J 975 165 1
S 1 2
L 890 165 12 0 3 0 1 1 LEXT_STOP
I 2959 virtex2p:NAND2B1 1 145 140 0 1 '
X 20 0
C 2958 1 18 0
C 2957 1 19 0
I 2900 virtex2p:OR3B1 1 585 65 0 1 '
C 2895 1 5 0
C 2897 2 3 0
C 2894 1 4 0
C 2896 2 2 0
I 2901 virtex2p:FDSE 1 765 85 0 1 '
C 2889 1 3 0
C 3305 1 2 0
C 2936 2 1 0
C 2933 1 4 0
C 2885 1 14 0
N 2683
J 175 715 1
J 255 715 2
S 1 2
L 185 715 14 0 3 0 1 0 FOE_REN3
N 2958
J 145 180 2
J 65 180 1
S 2 1
L 70 180 14 0 3 0 1 0 DAQ_WAIT
N 2961
J 525 165 1
J 605 165 2
S 1 2
L 530 165 14 0 3 0 1 0 DAQ_WAIT
N 3305
J 765 145 2
J 685 145 1
S 2 1
L 690 145 14 0 3 0 1 0 DAQ_WAIT
N 3329
J 175 625 2
J 220 625 9
J 175 385 2
J 220 385 9
J 175 465 2
J 220 465 11
J 175 545 2
J 220 545 11
J 220 600 11
J 300 600 8
B 9 2
S 3 4
L 160 385 12 0 3 0 1 0 C-CODE3
B 4 6
B 6 8
S 7 8
L 160 545 12 0 3 0 1 0 C-CODE1
B 8 9
B 9 10
L 230 605 14 0 3 0 1 0 C-CODE[3:0]
S 1 2
L 160 625 12 0 3 0 1 0 C-CODE0
S 5 6
L 160 465 12 0 3 0 1 0 C-CODE2
N 3347
J 590 670 7
J 640 670 8
B 1 2
L 590 675 14 0 3 0 1 0 OUT[35:32]
N 3354
J 600 535 1
J 650 535 2
S 1 2
L 605 535 12 0 3 0 1 0 LD_FDAV1
N 3386
J 1210 1015 2
J 1160 1015 1
S 2 1
L 1165 1015 14 0 3 0 1 0 OUT13
N 3387
J 1160 995 1
J 1210 995 2
S 1 2
L 1165 995 14 0 3 0 1 0 OUT12
N 3388
J 1210 925 2
J 1160 925 1
S 2 1
L 1165 925 14 0 3 0 1 0 OUT29
I 3383 virtex2p:AND4B2 1 1210 795 0 1 '
C 3393 1 5 0
C 3392 2 4 0
C 3380 2 3 0
C 3381 1 1 0
C 3397 1 6 0
I 3384 virtex2p:AND4B2 1 1210 885 0 1 '
C 3396 2 6 0
C 3377 1 1 0
C 3376 2 3 0
C 3388 1 4 0
C 3389 2 5 0
I 3385 virtex2p:AND4B2 1 1210 975 0 1 '
C 3387 2 5 0
C 3386 1 4 0
C 3375 1 3 0
C 3374 2 1 0
C 3395 3 6 0
N 3374
J 1160 1055 1
J 1210 1055 2
S 1 2
L 1165 1055 14 0 3 0 1 0 OUT15
N 3398
J 1335 825 3
J 1335 755 3
J 1290 755 2
J 1340 825 2
S 1 4
S 3 2
L 1280 755 14 0 3 0 1 0 CTEST3
S 2 1
N 3395
J 1335 885 3
J 1335 1025 3
J 1290 1025 2
J 1340 885 2
S 1 4
S 3 2
L 1280 1025 14 0 3 0 1 0 CTEST0
S 1 2
N 3396
J 1325 865 3
J 1290 935 2
J 1325 935 3
J 1340 865 2
S 1 4
S 2 3
L 1280 935 14 0 3 0 1 0 CTEST1
S 1 3
I 3403 virtex2p:NAND4 1 1340 805 0 1 '
C 3394 2 6 0
C 3395 4 1 0
C 3396 4 3 0
C 3397 2 4 0
C 3398 4 5 0
N 3410
J 965 670 8
J 915 670 7
B 2 1
L 915 675 14 0 3 0 1 0 OUT[51:48]
N 3344
J 615 630 1
J 640 630 2
S 1 2
L 625 630 14 0 3 0 1 0 CLK
N 3416
J 950 515 1
J 975 515 2
S 1 2
L 960 515 14 0 3 0 1 0 CLK
N 3310
J 375 465 2
J 415 465 2
S 1 2
L 365 465 12 0 3 0 1 0 LOADFDAV
I 3335 virtex2p:OR4 1 295 415 0 1 '
C 3310 1 8 0
C 3309 2 1 0
C 3308 1 6 0
C 3307 1 7 0
C 3306 2 5 0
I 3436 virtex2p:FD 1 415 385 0 1 '
C 3437 1 3 0
C 3310 2 1 0
C 3438 2 4 0
N 3438
J 600 465 1
J 535 465 2
S 2 1
L 520 465 12 0 3 0 1 0 LOADFDAV+1
N 3315
J 290 580 2
J 300 580 2
S 1 2
I 3330 virtex:VCC 1 290 600 5 1 '
C 3315 1 2 0
N 3316
J 275 560 1
J 300 560 2
S 1 2
L 285 560 14 0 3 0 1 0 CLK
N 3317
J 300 530 2
J 245 530 1
S 2 1
L 255 530 15 0 3 0 1 0 RST_EOE
I 3442 FD15CE 1 585 725 0 1 '
C 3444 1 4 0
C 2673 2 1 0
C 3448 2 8 0
C 3447 1 7 0
C 3445 1 3 0
I 2712 virtex2p:OR2B1 1 690 910 0 1 '
C 2713 1 7 0
C 2714 2 9 0
C 2711 2 10 0
I 2725 virtex:GND 1 765 1000 3 1 '
C 2726 1 4 0
N 3448
J 530 735 1
J 585 735 2
S 1 2
L 540 735 15 0 3 0 1 0 RST
N 3444
J 705 805 8
J 830 805 7
B 1 2
L 710 810 18 0 3 0 1 0 LDMB_RD[14:0]
I 2708 SR4E_ONE 1 820 880 0 1 '
C 2726 2 15 0
C 2715 1 14 0
C 2710 2 3 0
C 2624 2 10 0
C 2711 1 16 0
I 2742 4AND3COM1 1 255 955 0 1 '
C 2716 2 4 0
C 2721 2 3 0
C 2685 2 5 0
C 2673 5 6 0
I 2899 CC10CE 1 340 85 0 1 '
X 4 0
C 2897 1 16 0
X 13 0
C 2890 2 14 0
C 2891 1 3 0
C 2938 1 15 0
N 3435
J 1335 610 2
J 1310 610 1
S 2 1
L 1320 610 14 0 3 0 1 0 CLK
N 3440
J 1335 580 2
J 1300 580 1
S 2 1
L 1310 580 14 0 3 0 1 0 RST
N 3441
J 1455 650 8
J 1575 650 7
B 1 2
L 1450 655 18 0 3 0 1 0 LDMBLIVE[14:0]
N 3481
J 1345 555 7
J 1440 555 8
B 1 2
L 1345 560 18 0 3 0 1 0 DMBLIVE[14:0]
N 3477
J 1680 555 7
J 1560 555 8
B 2 1
L 1555 560 18 0 3 0 1 0 PDMBLIVE[14:0]
N 3491
J 1460 335 8
J 1380 335 9
J 1250 300 7
J 1380 300 9
J 1315 330 2
J 1380 330 11
B 2 1
L 1370 340 14 0 3 0 1 0 LDMBLIVE[15:0]
B 6 2
S 5 6
L 1310 330 10 0 3 0 1 0 LDMBLIVE15
B 4 6
B 3 4
L 1250 305 18 0 3 0 1 0 LDMBLIVE[14:0]
I 2960 virtex:INV 1 605 155 0 1 '
C 2936 1 1 0
C 2961 2 2 0
N 3494
J 1660 305 1
J 1580 305 2
S 2 1
L 1565 305 14 0 3 0 1 0 DMBLIVE_OK
N 3503
J 1580 215 2
J 1680 215 1
S 1 2
L 1565 215 18 0 3 0 1 0 DMBLIVE_ERR
N 3394
J 1480 855 2
J 1420 855 2
S 2 1
L 1415 855 12 0 3 0 1 0 BAD_C-CODE
N 3406
J 1425 835 1
J 1480 835 2
S 1 2
L 1430 835 12 0 3 0 1 0 LOADFDAV
N 3504
J 1675 960 1
J 1600 960 2
S 2 1
L 1595 960 12 0 3 0 1 0 E-C-ERR
N 3408
J 1600 855 2
J 1675 855 1
S 1 2
L 1595 855 12 0 3 0 1 0 B-C-ERR
N 3405
J 1480 815 2
J 1455 815 1
S 2 1
L 1465 815 14 0 3 0 1 0 CLK
N 3506
J 1455 920 1
J 1480 920 2
S 1 2
L 1465 920 14 0 3 0 1 0 CLK
N 3515
J 1455 680 1
J 1480 680 2
S 1 2
L 1465 680 15 0 3 0 1 0 RST
N 3514
J 1410 980 2
J 1385 980 1
S 2 1
L 1395 980 15 0 3 0 1 0 RST
I 3489 virtex2p:GND 1 1275 290 3 1 '
C 3487 3 4 0
I 3493 virtex2p:GND 1 1275 350 3 1 '
C 3491 5 4 0
I 3478 FD15CE 1 1440 475 0 1 '
C 3480 2 3 0
C 3476 2 7 0
C 3479 2 8 0
C 3481 2 1 0
C 3477 2 4 0
N 3429
J 1335 650 8
J 1220 650 11
J 1095 440 8
J 1085 325 8
J 1220 325 9
J 1220 440 11
J 1075 635 7
J 1085 670 8
J 1220 670 9
J 1220 635 11
J 1220 555 11
J 1095 555 8
B 2 9
B 10 2
B 3 6
L 1080 445 18 0 3 0 1 0 DMBLIVE[11:8]
B 4 5
L 1070 330 18 0 3 0 1 0 DMBLIVE[15:12]
B 5 6
B 6 11
B 7 10
L 1075 640 18 0 3 0 1 0 DMBLIVE[15:0]
B 8 9
L 1075 675 18 0 3 0 1 0 DMBLIVE[3:0]
B 11 10
B 12 11
L 1085 560 18 0 3 0 1 0 DMBLIVE[7:4]
B 2 1
L 1230 655 18 0 3 0 1 0 DMBLIVE[14:0]
I 3433 FD15CE 1 1335 570 0 1 '
C 3441 1 4 0
C 3429 1 1 0
C 3440 1 8 0
C 3466 2 7 0
C 3435 1 3 0
I 3404 virtex2p:FDCE 1 1480 775 0 1 '
C 3408 1 4 0
C 3394 1 1 0
C 3556 1 6 0
C 3406 2 2 0
C 3405 1 3 0
I 3511 virtex2p:FDCE 1 1410 970 0 1 '
C 3513 2 3 0
C 3510 5 2 0
C 3514 1 6 0
C 3510 2 1 0
C 3518 2 4 0
I 3372 virtex2p:AND4B2 1 1210 705 0 1 '
C 3398 3 6 0
C 3378 2 1 0
C 3379 1 3 0
C 3391 1 4 0
C 3390 2 5 0
I 3516 virtex2p:FDCE 1 1480 670 0 1 '
C 3517 1 4 0
C 3519 3 1 0
C 3515 2 6 0
C 3519 1 2 0
C 3512 1 3 0
I 3505 virtex2p:FDCE 1 1480 880 0 1 '
C 3506 2 3 0
C 3509 1 2 0
C 3520 2 6 0
C 3508 2 1 0
C 3504 2 4 0
N 3497
J 1460 145 2
J 1395 145 1
S 2 1
L 1405 145 15 0 3 0 1 0 RST_BOE
N 3479
J 1415 485 1
J 1440 485 2
S 1 2
L 1425 485 14 0 3 0 1 0 RST
N 3498
J 1435 175 1
J 1460 175 2
S 1 2
L 1445 175 14 0 3 0 1 0 CLK
I 3522 virtex2p:FDCE 1 1335 350 0 1 '
C 3527 5 4 0
C 3525 3 1 0
C 3524 2 6 0
C 3525 2 2 0
C 3523 1 3 0
N 3527
J 1570 470 3
J 1285 470 3
J 1285 525 3
J 1570 430 3
J 1455 430 2
J 1295 525 2
S 4 1
S 2 1
S 3 6
S 5 4
L 1455 430 14 0 3 0 1 0 1ST_OE_HDR_DONE
S 2 3
N 2892
J 175 85 1
J 210 85 2
S 1 2
L 185 85 14 0 3 0 1 0 RST
I 2898 virtex:OR2 1 210 65 0 1 '
C 2890 1 10 0
C 2942 2 9 0
C 2892 2 7 0
I 3531 virtex:AND2B1 1 1295 505 0 1 '
C 3476 1 20 0
C 3483 2 18 0
C 3527 6 19 0
I 3451 FD15CE 1 1055 55 0 1 '
C 3454 2 3 0
C 3452 2 7 0
C 3450 1 8 0
C 3455 2 1 0
C 3449 2 4 0
I 3453 virtex:VCC 1 1045 135 5 1 '
C 3452 1 2 0
N 3466
J 1285 630 1
J 1335 630 2
S 1 2
L 1290 630 14 0 3 0 1 0 OE_HDR
N 3483
J 1245 545 1
J 1295 545 2
S 1 2
L 1250 545 14 0 3 0 1 0 OE_HDR
N 3476
J 1375 535 2
J 1440 535 2
S 1 2
L 1365 535 14 0 3 0 1 0 1ST_OE_HDR
I 3486 virtex2p:COMP16 1 1460 235 0 1 '
C 3487 1 22 0
C 3491 1 19 0
C 3494 2 13 0
I 3496 virtex2p:FDCE 1 1460 135 0 1 '
C 3498 2 3 0
C 3495 4 2 0
C 3497 1 6 0
C 3501 2 1 0
C 3503 1 4 0
N 3487
J 1460 275 8
J 1380 275 9
J 1315 270 2
J 1380 270 11
J 1380 240 9
J 1250 240 7
B 2 1
L 1370 280 14 0 3 0 1 0 PDMBLIVE[15:0]
B 4 2
S 3 4
L 1310 270 10 0 3 0 1 0 PDMBLIVE15
B 5 4
B 6 5
L 1250 245 18 0 3 0 1 0 PDMBLIVE[14:0]
N 3495
J 1395 180 2
J 1415 180 3
J 1415 195 3
J 1460 195 2
S 1 2
S 2 3
S 3 4
L 1390 195 14 0 3 0 1 0 CHK_FIBERS
N 3539
J 1315 160 2
J 1250 160 1
S 2 1
L 1255 160 18 0 3 0 1 0 OE_HDR
N 3537
J 1315 180 2
J 1250 180 1
S 2 1
L 1255 180 18 0 3 0 1 0 DOFW+3
N 3544
J 1305 215 2
J 1225 215 1
S 2 1
L 1230 215 14 0 3 0 1 0 DMBLIVE_OK
I 3546 virtex2p:INV 1 1305 205 0 1 '
C 3501 1 1 0
C 3544 1 2 0
I 3545 virtex2p:AND3B2 1 1315 220 6 1 '
C 3495 1 7 0
C 3539 1 1 0
C 3537 1 2 0
C 3547 2 3 0
N 3547
J 1225 200 1
J 1315 200 2
S 1 2
L 1230 200 14 0 3 0 1 0 DMBLIVE_ERR
N 3520
J 1415 890 1
J 1480 890 2
S 1 2
L 1425 890 15 0 3 0 1 0 RST_BOE
T 1635 200 12 0 9 P
Q 13 0 0
T 325 1020 24 0 6 Page 27
Q 14 0 0
T 340 510 20 0 3 synched w/GoodDat
Q 11 0 0
T 165 885 14 0 9 Transition on E-code+2:
Q 13 0 0
T 1149 30 25 0 3 JRG
Q 11 0 0
T 1295 30 25 0 3 2
Q 11 0 0
T 1510 30 25 0 3 D785C
Q 11 0 0
T 751 38 20 0 3 DDU Input FIFO Control
Q 11 0 0
T 751 18 20 0 3 DDU Controller
Q 11 0 0
T 750 0 20 0 3 CMS CSC Electronics
Q 11 0 0
T 165 970 14 0 9 Transition on E-code+2:
Q 13 0 0
T 35 210 35 0 3 How to "not stop" in case we only have one word left to read?  N
+ ot possible to do well...
Q 13 0 0
T 35 1045 40 0 3 Use DMB_RD to determine which FIBER we're currently reading
Q 11 0 0
T 20 240 40 0 3 Stop READ cycle on DCC Near Full
Q 11 0 0
T 1635 0 25 0 3 3H
Q 11 0 0
T 640 960 14 0 9 Enabled on E-code+1:
Q 13 0 0
T 920 930 20 0 3 ^^^changes on DMB_END+1
Q 11 0 0
T 795 865 20 0 9 Timed to EndC-code-1^^^
Q 11 0 0
T 475 845 20 0 3 ^^^Transitions on E-code+1/EndC-code; stable at A/9-code or End
+ C-code?
Q 11 0 0
T 195 680 20 0 3 ^^^FOE Transition on EndC-code
Q 11 0 0
T 700 780 20 0 3 ^^^Beginning Timed to STAGE4==L5REN
Q 13 0 0
T 1145 910 20 0 9 == E-code+1
Q 11 0 0
T 880 1015 24 0 6 Page 38
Q 14 0 0
T 1685 875 30 0 9 Monitor?
Q 14 0 0
T 1595 905 30 0 3 Go to
Q 14 0 0
T 590 705 20 0 3 --->> guaranteed ready by 9-code @Stage3==L4REN, often ready by
+  Stage1 (or sooner)
Q 11 0 0
T 700 760 20 0 3 ^^^Good up to & including E-code @STAGE2
Q 13 0 0
T 1170 100 20 0 3 ^^^Beginning Timed to STAGE5==L6REN
Q 13 0 0
T 1170 80 20 0 3 ^^^Good up to & including E-code+1 @STAGE2
Q 13 0 0
U 1565 5 20 0 3 3 @SHEET=11
U 1510 5 20 0 9 3 @NAME=FIFOCTRL
U 1205 5 14 0 3 3 @DATETIME=5-23-2006_14:22
I 2740 OR15 1 565 900 0 1 '
C 2673 1 9 0
C 2713 2 10 0
E
