V 51
K 7468887480 tst1
Y 0
D 0 0 1700 1100
Z 1
i 4729
N 4729
J 325 520 1
J 400 520 2
S 1 2
L 340 520 14 0 3 0 1 0 RST
N 4674
J 340 480 1
J 400 480 2
S 1 2
L 345 480 14 0 3 0 1 0 TF_SIG
N 4673
J 400 500 2
J 325 500 1
S 2 1
L 335 500 14 0 3 0 1 0 NEW_DMB
N 4698
J 685 545 7
J 800 545 7
B 1 2
L 685 550 14 0 3 0 1 0 DMB_MOVLP-1_[4:0]
N 4721
J 1200 470 2
J 1180 470 1
S 2 1
L 1185 470 14 0 3 0 1 0 CLK
N 4722
J 1200 490 2
J 1125 490 1
S 2 1
L 1130 490 14 0 3 0 1 0 LSECOND_HDR
I 4716 virtex2p:OR2B1 1 320 80 0 1 '
C 4711 2 10 0
C 4715 1 9 0
C 4714 2 7 0
N 4714
J 260 100 1
J 320 100 2
S 1 2
L 265 100 14 0 3 0 1 0 TF_SIG
N 4715
J 320 120 2
J 245 120 1
S 2 1
L 255 120 14 0 3 0 1 0 LNEW_DMB
N 4706
J 385 180 1
J 490 180 2
S 1 2
L 390 180 20 0 3 0 1 0 DCRC_ERR
N 4707
J 490 140 2
J 415 140 1
S 2 1
L 425 140 14 0 3 0 1 0 CLK
N 4708
J 415 160 1
J 490 160 2
S 1 2
L 420 160 14 0 3 0 1 0 COMP_DCRC
N 4710
J 735 180 1
J 610 180 2
S 2 1
L 595 180 20 0 3 0 1 0 LTF_CRC_ERR
I 4709 virtex2p:FDRE 1 490 100 0 1 '
C 4711 1 6 0
C 4710 2 4 0
C 4706 2 1 0
C 4708 2 2 0
C 4707 1 3 0
N 4701
J 150 150 2
J 75 150 1
S 2 1
L 80 150 14 0 3 0 1 0 LGOODDAT
N 4702
J 50 170 1
J 150 170 2
S 1 2
L 55 170 14 0 3 0 1 0 LGOOD_1ST_TR
N 4672
J 480 500 2
J 565 500 1
S 1 2
L 465 500 14 0 3 0 1 0 NEW_TFDMB
N 4667
J 480 390 2
J 565 390 1
S 1 2
L 465 390 14 0 3 0 1 0 L2NEW_TFDMB
N 4668
J 400 400 2
J 325 400 1
S 2 1
L 335 400 14 0 3 0 1 0 L2NEW_DMB
N 4661
J 1425 470 2
J 1405 470 1
S 2 1
L 1410 470 14 0 3 0 1 0 CLK
N 4648
J 1040 540 2
J 965 540 1
S 2 1
L 970 540 14 0 3 0 1 0 KILL_TFSIG
N 4647
J 970 480 2
J 1040 480 2
S 1 2
L 970 480 14 0 3 0 1 0 CFEB_DAV
N 4638
J 505 920 2
J 405 920 1
S 2 1
L 410 920 14 0 3 0 1 0 GOOD_2ND_HDR
N 4636
J 345 890 2
J 280 890 1
S 2 1
L 290 890 14 0 3 0 1 0 DOUT11
N 4635
J 280 910 1
J 345 910 2
S 1 2
L 290 910 14 0 3 0 1 0 DOUT9
N 4634
J 345 930 2
J 280 930 1
S 2 1
L 290 930 14 0 3 0 1 0 DOUT7
I 4631 virtex2p:OR6 1 345 870 0 1 '
C 4634 1 3 0
C 4632 2 1 0
C 4642 2 6 0
C 4622 1 8 0
C 4623 1 7 0
C 4635 2 4 0
C 4636 1 5 0
N 4620
J 90 970 1
J 140 970 2
S 1 2
L 100 970 14 0 3 0 1 0 DOUT43
N 4623
J 345 970 2
J 260 970 2
S 2 1
L 285 970 14 0 3 0 1 0 LDOUT43
N 4603
J 1020 865 7
J 1145 865 8
B 1 2
L 1020 870 18 0 3 0 1 0 LSUM_TFERR[14:0]
N 4605
J 1355 865 1
J 1225 865 2
S 2 1
L 1210 865 20 0 3 0 1 0 TF_CRIT_ERR
I 4604 OR15 1 1145 835 0 1 '
C 4605 2 10 0
C 4603 2 9 0
N 4600
J 1400 740 2
J 1325 740 1
S 2 1
L 1330 740 20 0 3 0 1 0 TF_SIG
N 4448
J 1400 720 2
J 1380 720 1
S 2 1
L 1385 720 14 0 3 0 1 0 CLK
N 4153
J 1655 965 8
J 1665 965 9
J 1665 1040 9
J 1300 1040 9
J 1300 975 9
J 1320 975 8
B 2 3
B 1 2
B 5 4
B 5 6
B 4 3
L 1360 1045 18 0 3 0 1 0 SUM_TFERR_UPD[14:0]
I 111 PAGE 1 0 0 0 1 '
I 4156 FD15CE 1 1320 895 0 1 '
C 4158 2 3 0
C 4161 2 7 0
C 4157 1 8 0
C 4153 6 1 0
C 4154 2 4 0
I 4160 15OR2 1 1575 935 0 1 '
C 4153 1 10 0
C 4155 4 9 0
C 4154 1 21 0
N 4155
J 1405 885 7
J 1555 885 9
J 1555 955 9
J 1575 955 8
B 2 3
B 3 4
B 1 2
L 1410 890 18 0 3 0 1 0 L2DMB_RD[14:0]
N 4161
J 1135 955 1
J 1320 955 2
S 1 2
L 1135 955 20 0 3 0 1 0 SUM_TFERR
N 4154
J 1575 975 8
J 1440 975 8
B 2 1
L 1430 980 20 0 3 0 1 0 LSUM_TFERR[14:0]
N 4599
J 1345 760 2
J 1400 760 2
S 1 2
L 1330 760 20 0 3 0 1 0 TF_ERR
N 4445
J 1260 825 3
J 1260 780 3
J 1610 825 3
J 1520 760 2
J 1610 760 3
J 1265 780 2
S 2 6
S 5 3
S 4 5
L 1510 760 20 0 3 0 1 0 LTF_ERR
S 2 1
S 1 3
N 4617
J 140 990 2
J 90 990 1
S 2 1
L 100 990 14 0 3 0 1 0 DOUT42
N 4158
J 1285 935 1
J 1320 935 2
S 1 2
L 1295 935 18 0 3 0 1 0 CLK
I 4621 virtex2p:FD4CE 1 140 850 0 1 '
C 4622 2 15 0
C 4623 2 16 0
C 4620 2 17 0
C 4617 1 18 0
X 19 0
X 20 0
X 21 0
X 22 0
C 4628 2 13 0
C 4630 1 14 0
C 4629 2 3 0
N 4632
J 280 950 1
J 345 950 2
S 1 2
L 290 950 14 0 3 0 1 0 DOUT5
N 4628
J 40 910 1
J 140 910 2
S 1 2
L 45 910 14 0 3 0 1 0 GOOD_1ST_HDR
N 4629
J 120 890 1
J 140 890 2
S 1 2
L 125 890 14 0 3 0 1 0 CLK
N 4622
J 345 990 2
J 260 990 2
S 2 1
L 285 990 14 0 3 0 1 0 LDOUT42
N 4641
J 625 940 2
J 705 940 1
S 1 2
L 620 940 14 0 3 0 1 0 LTRG_DAV
N 4645
J 1040 520 2
J 970 520 2
S 2 1
L 970 520 14 0 3 0 1 0 CFEB_MOVLP
N 4640
J 505 900 2
J 485 900 1
S 2 1
L 490 900 14 0 3 0 1 0 CLK
I 4637 virtex2p:FDCE 1 505 860 0 1 '
C 4641 1 4 0
C 4642 1 1 0
C 4639 2 6 0
C 4638 1 2 0
C 4640 1 3 0
N 4447
J 1355 690 1
J 1400 690 2
S 1 2
L 1360 690 14 0 3 0 1 0 RST_BOE
N 4669
J 340 380 1
J 400 380 2
S 1 2
L 345 380 14 0 3 0 1 0 TF_SIG
I 4670 virtex:OR2 1 400 360 0 1 '
C 4667 1 10 0
C 4668 1 9 0
C 4669 2 7 0
N 4649
J 1040 500 2
J 960 500 1
S 2 1
L 970 500 14 0 3 0 1 0 TRG_DAV
N 4642
J 505 940 2
J 425 940 2
S 2 1
L 420 940 14 0 3 0 1 0 TRG_DAV
N 4596
J 890 480 8
J 775 480 7
B 2 1
L 775 485 14 0 3 0 1 0 SUM_CFEBDAV[4:0]
N 4614
J 1120 510 2
J 1200 510 2
S 1 2
L 1125 510 20 0 3 0 1 0 TF_SIG-1
N 4697
J 890 520 8
J 775 520 7
B 2 1
L 775 525 14 0 3 0 1 0 DOUT[43:39]
N 4703
J 150 190 2
J 35 190 1
S 2 1
L 40 190 14 0 3 0 1 0 DDU_DMB_MATCH
N 4704
J 95 130 1
J 150 130 2
S 1 2
L 100 130 14 0 3 0 1 0 TF_SIG
N 4699
J 325 160 1
J 230 160 2
S 2 1
L 220 160 14 0 3 0 1 0 TF_L1ERR
N 4281
J 1265 740 2
J 1165 740 1
S 2 1
L 1175 740 14 0 3 0 1 0 TF_L1ERR
N 4278
J 1165 760 1
J 1265 760 2
S 1 2
L 1175 760 14 0 3 0 1 0 LTF_CRC_ERR
N 4664
J 325 450 1
J 400 450 2
S 1 2
L 335 450 14 0 3 0 1 0 LNEW_DMB
N 4665
J 400 430 2
J 340 430 1
S 2 1
L 345 430 14 0 3 0 1 0 TF_SIG
I 4663 virtex:OR2 1 400 410 0 1 '
C 4665 1 7 0
C 4664 2 9 0
C 4666 2 10 0
N 4666
J 565 440 1
J 480 440 2
S 2 1
L 465 440 14 0 3 0 1 0 LNEW_TFDMB
N 4711
J 490 110 2
J 400 110 2
S 2 1
L 410 110 14 0 3 0 1 0 LNEW_DMB-TF
I 4705 virtex2p:AND4B1 1 150 210 6 1 '
C 4699 2 6 0
C 4704 2 1 0
C 4701 1 3 0
C 4702 2 4 0
C 4703 1 5 0
I 4609 OR5_BUS 1 890 490 0 1 '
C 4697 1 9 0
C 4645 2 10 0
I 4612 OR5_BUS 1 890 450 0 1 '
C 4647 1 10 0
C 4596 1 9 0
I 4644 virtex2p:NOR4 1 1040 460 0 1 '
C 4614 1 8 0
C 4648 1 1 0
C 4645 1 6 0
C 4649 1 7 0
C 4647 2 5 0
I 4443 virtex:FDCE 1 1400 680 0 1 '
C 4448 1 3 0
C 4600 1 2 0
C 4447 2 6 0
C 4599 2 1 0
C 4445 4 4 0
I 4658 virtex2p:FDCE 1 1425 430 0 1 '
C 4660 2 4 0
C 4653 7 1 0
C 4662 1 6 0
C 4653 5 2 0
C 4661 1 3 0
I 4719 virtex2p:FDRE 1 1200 430 0 1 '
C 4720 2 6 0
C 4653 3 4 0
C 4614 2 1 0
C 4722 1 2 0
C 4721 1 3 0
N 4662
J 1425 440 2
J 1380 440 1
S 2 1
L 1385 440 14 0 3 0 1 0 RST_BOE
N 4660
J 1615 510 1
J 1545 510 2
S 2 1
L 1540 510 20 0 3 0 1 0 LTF_SIG
N 4653
J 1475 625 2
J 1415 625 3
J 1320 510 2
J 1415 510 5
J 1425 490 2
J 1415 490 3
J 1425 510 2
S 2 1
S 4 2
S 6 5
S 6 4
S 4 7
S 3 4
L 1335 510 20 0 3 0 1 0 TF_SIG
N 4723
J 1450 555 1
J 1475 555 2
S 1 2
L 1455 555 14 0 3 0 1 0 RST
N 4726
J 1665 625 1
J 1595 625 2
S 2 1
L 1585 625 20 0 3 0 1 0 TF_SIG+1
I 4725 virtex:FDC 1 1475 545 0 1 '
C 4726 2 4 0
C 4653 1 1 0
C 4723 2 6 0
C 4724 1 3 0
N 4724
J 1475 585 2
J 1450 585 1
S 2 1
L 1455 585 14 0 3 0 1 0 CLK
T 595 200 24 0 3 Reset at Ecode+2
Q 14 0 0
T 615 155 20 0 3 ^^^Known for E-code+1
Q 11 0 0
T 1210 835 30 0 3 ^^^E-code+2==DDUtr-1==Stage6?  CHECK
Q 14 0 0
T 616 18 20 0 3 DDU Controller
Q 11 0 0
T 616 -2 20 0 3 CMS CSC Electronics
Q 11 0 0
T 1530 30 25 0 3 D785C
Q 11 0 0
T 1144 30 25 0 3 JRG
Q 11 0 0
T 1290 35 25 0 3 2
Q 11 0 0
T 616 38 20 0 3 Stage 2 Logic: DMB Status Checks
Q 11 0 0
T 1420 1000 30 0 3 put in DDU Trail
Q 12 1 0
T 1100 970 20 0 3 known for E-code+1
Q 11 0 0
T 1505 735 20 0 3 ^^^Held until EOE
Q 11 0 0
T 1310 800 20 0 3 known for DDUtr-2==E-code+1
Q 11 0 0
T 1535 890 30 0 3 *
Q 12 0 0
T 1275 925 30 0 9 set CRITerr ./
Q 12 1 0
T 1275 905 30 0 9 HARD-err?
Q 12 1 0
T 1632 1 25 0 3 12K
Q 11 0 0
T 20 1050 40 0 3 Check for Track Finder signal, record TF errors
Q 14 0 0
T 1300 775 30 0 3 set TFerr
Q 13 0 0
T 1455 660 30 0 3 set SINGerr  ./
Q 12 1 0
T 965 1005 80 0 6 END
Q 12 4 0
T 1160 755 20 0 9 Known for E-code+1-->>>
Q 11 0 0
T 800 70 24 0 9 ^^^compare when 2nd TFDMB Trail is received^^^
Q 14 0 0
T 1535 480 30 0 3 Stage4
Q 13 0 0
T 955 445 30 0 3 Stage2
Q 11 0 0
T 1310 480 30 0 3 Stage3
Q 11 0 0
U 1550 0 20 0 3 3 @SHEET=12
U 1510 0 20 0 9 3 @NAME=STAGE2
U 1310 5 20 0 9 3 @DATETIME=10-17-2007_15:36
N 4639
J 430 870 1
J 505 870 2
S 1 2
L 440 870 14 0 3 0 1 0 NEW_DMB_RST
N 4630
J 140 860 2
J 65 860 1
S 2 1
L 75 860 14 0 3 0 1 0 NEW_DMB_RST
I 4598 virtex2p:OR3 1 1265 720 0 1 '
C 4281 1 2 0
C 4278 2 4 0
C 4445 6 3 0
C 4599 1 5 0
I 4728 virtex2p:OR3 1 400 460 0 1 '
C 4672 1 5 0
C 4729 2 3 0
C 4673 1 4 0
C 4674 2 2 0
N 4157
J 1320 905 2
J 1285 905 1
S 2 1
L 1290 905 14 0 3 0 1 0 RST
N 4720
J 1125 440 1
J 1200 440 2
S 1 2
L 1135 440 14 0 3 0 1 0 NEW_DMB_RST
E
