V 51
K 7468887480 tst1
Y 0
D 0 0 1700 1100
Z 1
i 5092
N 4480
J 1025 595 9
J 1110 595 2
J 1025 910 9
J 970 910 7
J 1025 895 11
J 1025 615 11
J 1025 635 11
J 1025 675 11
J 1025 695 11
J 1025 715 11
J 1025 755 11
J 1025 775 11
J 1025 795 11
J 1025 875 11
J 1025 855 11
J 1025 835 11
J 1025 815 11
J 1025 735 11
J 1025 655 11
J 1110 655 2
J 1110 735 2
J 1110 815 2
J 1110 835 2
J 1110 855 2
J 1110 875 2
J 1110 895 2
J 1110 795 2
J 1110 775 2
J 1110 755 2
J 1110 715 2
J 1110 695 2
J 1110 675 2
J 1110 635 2
J 1110 615 2
S 1 2
L 1030 595 14 0 3 0 1 0 DMB15STAT0
B 6 7
B 19 8
B 8 9
B 9 10
B 18 11
B 11 12
B 12 13
B 14 5
B 15 14
B 16 15
B 17 16
B 13 17
B 10 18
B 7 19
S 19 20
L 1030 655 14 0 3 0 1 0 DMB12STAT0
S 18 21
L 1030 735 14 0 3 0 1 0 DMB8STAT0
S 17 22
L 1030 815 14 0 3 0 1 0 DMB4STAT0
S 16 23
L 1030 835 14 0 3 0 1 0 DMB3STAT0
S 15 24
L 1030 855 14 0 3 0 1 0 DMB2STAT0
S 14 25
L 1030 875 14 0 3 0 1 0 DMB1STAT0
S 5 26
L 1030 895 14 0 3 0 1 0 DMB0STAT0
S 13 27
L 1030 795 14 0 3 0 1 0 DMB5STAT0
S 12 28
L 1030 775 14 0 3 0 1 0 DMB6STAT0
S 11 29
L 1030 755 14 0 3 0 1 0 DMB7STAT0
S 10 30
L 1030 715 14 0 3 0 1 0 DMB9STAT0
S 9 31
L 1030 695 14 0 3 0 1 0 DMB10STAT0
S 8 32
L 1030 675 14 0 3 0 1 0 DMB11STAT0
S 7 33
L 1030 635 14 0 3 0 1 0 DMB13STAT0
S 6 34
L 1030 615 14 0 3 0 1 0 DMB14STAT0
B 1 6
B 5 3
B 4 3
L 970 915 14 0 3 0 1 0 DMB[15:0]STAT0
N 5086
J 1155 675 1
J 1290 675 2
S 1 2
L 1160 675 14 0 3 0 1 0 FMM_ERROR_DISABLE
N 5075
J 1410 745 2
J 1515 745 1
S 1 2
L 1405 745 20 0 3 0 1 0 FMM_BUSY
N 4773
J 1290 745 2
J 1190 745 2
S 2 1
L 1185 745 20 0 3 0 1 0 FMM_BUSY-1
N 5085
J 1245 705 1
J 1290 705 2
S 1 2
L 1255 705 18 0 3 0 1 0 CLK
N 5091
J 635 475 1
J 680 475 2
S 1 2
L 645 475 18 0 3 0 1 0 CLK
N 5092
J 545 445 1
J 680 445 2
S 1 2
L 550 445 14 0 3 0 1 0 FMM_ERROR_DISABLE
I 5087 virtex2p:FDR 1 655 580 0 1 '
C 5089 1 6 0
C 5076 2 4 0
C 4430 2 1 0
C 5088 1 3 0
N 5088
J 655 620 2
J 610 620 1
S 2 1
L 620 620 18 0 3 0 1 0 CLK
N 5089
J 655 590 2
J 520 590 1
S 2 1
L 525 590 14 0 3 0 1 0 FMM_ERROR_DISABLE
N 5074
J 1100 1030 2
J 1225 1030 1
S 1 2
L 1110 1030 20 0 3 0 1 0 FMM_ERR
N 5062
J 1305 190 2
J 1250 190 2
S 2 1
L 1265 190 10 0 3 0 1 0 F_E_D
N 5041
J 1560 345 2
J 1630 345 1
S 1 2
L 1545 345 10 0 3 0 1 0 FED_RE-DISABLE
N 5042
J 1235 365 1
J 1265 365 2
S 1 2
L 1245 365 10 0 3 0 1 0 F_E_D
N 5043
J 1100 235 2
J 1045 235 1
S 2 1
L 1055 235 10 0 3 0 1 0 FMMREG3
N 5044
J 1095 150 1
J 1130 150 2
S 1 2
L 1105 150 14 0 3 0 1 0 SCLK
N 5045
J 1075 120 1
J 1130 120 2
S 1 2
L 1080 120 14 0 3 0 1 0 SOFT_RST
N 5046
J 1440 325 2
J 1415 325 2
S 2 1
N 5047
J 1265 345 2
J 1190 345 1
S 2 1
L 1200 345 10 0 3 0 1 0 VME_FMM_TEST
N 5048
J 940 210 1
J 965 210 2
S 1 2
L 945 210 10 0 3 0 1 0 F_O_E3
N 5049
J 940 170 1
J 965 170 2
S 1 2
L 945 170 10 0 3 0 1 0 F_E_D1
N 5050
J 940 190 1
J 965 190 2
S 1 2
L 945 190 10 0 3 0 1 0 F_E_D2
N 5051
J 1125 305 2
J 1045 305 1
S 2 1
L 1055 305 10 0 3 0 1 0 FED_RE-DISABLE
N 5052
J 1440 365 2
J 1385 365 2
S 2 1
L 1375 365 10 0 3 0 1 0 FED_AGAIN
N 5053
J 1070 285 1
J 1125 285 2
S 1 2
L 1075 285 14 0 3 0 1 0 SOFT_RST
N 5054
J 1230 325 1
J 1265 325 2
S 1 2
L 1240 325 14 0 3 0 1 0 SCLK
N 5055
J 1440 305 2
J 1405 305 1
S 2 1
L 1415 305 14 0 3 0 1 0 SCLK
N 5056
J 1440 275 2
J 1385 275 1
S 2 1
L 1390 275 14 0 3 0 1 0 SOFT_RST
N 5057
J 1100 255 2
J 1045 255 1
S 2 1
L 1055 255 10 0 3 0 1 0 FED_AGAIN+1
N 5060
J 1130 190 2
J 1100 215 2
J 1090 215 3
J 1090 190 5
J 1045 190 2
S 4 1
S 3 2
S 4 3
S 5 4
L 1040 190 10 0 3 0 1 0 F_E_D-1
N 5063
J 1265 295 2
J 1205 295 2
S 2 1
L 1195 295 10 0 3 0 1 0 CLR_FED_AGAIN
N 4429
J 70 615 1
J 165 615 11
J 70 595 1
J 165 595 11
J 70 575 1
J 165 575 11
J 70 555 1
J 165 555 11
J 70 535 1
J 165 535 11
J 70 515 1
J 165 515 11
J 70 495 1
J 165 495 11
J 70 475 1
J 165 475 11
J 70 455 1
J 165 455 11
J 70 435 1
J 165 435 11
J 70 415 1
J 165 415 11
J 70 395 1
J 165 395 11
J 70 375 1
J 165 375 11
J 70 335 1
J 165 335 11
J 70 355 1
J 165 355 11
J 70 635 1
J 165 635 11
J 165 330 7
J 330 650 8
J 165 650 9
B 35 34
L 225 655 14 0 3 0 1 0 DMB[15:0]STAT2
S 31 32
L 75 635 14 0 3 0 1 0 DMB0STAT2
S 27 28
L 75 335 14 0 3 0 1 0 DMB15STAT2
B 32 35
B 2 32
B 28 30
S 29 30
L 75 355 14 0 3 0 1 0 DMB14STAT2
B 33 28
B 30 26
S 25 26
L 75 375 14 0 3 0 1 0 DMB13STAT2
B 26 24
S 23 24
L 75 395 14 0 3 0 1 0 DMB12STAT2
B 24 22
S 21 22
L 75 415 14 0 3 0 1 0 DMB11STAT2
B 22 20
S 19 20
L 75 435 14 0 3 0 1 0 DMB10STAT2
B 20 18
S 17 18
L 75 455 14 0 3 0 1 0 DMB9STAT2
B 18 16
S 15 16
L 75 475 14 0 3 0 1 0 DMB8STAT2
B 16 14
S 13 14
L 75 495 14 0 3 0 1 0 DMB7STAT2
B 14 12
S 11 12
L 75 515 14 0 3 0 1 0 DMB6STAT2
B 12 10
S 9 10
L 75 535 14 0 3 0 1 0 DMB5STAT2
B 10 8
S 7 8
L 75 555 14 0 3 0 1 0 DMB4STAT2
B 8 6
S 5 6
L 75 575 14 0 3 0 1 0 DMB3STAT2
B 6 4
S 3 4
L 75 595 14 0 3 0 1 0 DMB2STAT2
B 4 2
S 1 2
L 75 615 14 0 3 0 1 0 DMB1STAT2
N 4463
J 285 490 11
J 285 330 11
J 285 350 11
J 285 370 11
J 285 390 11
J 285 410 11
J 285 430 11
J 285 450 11
J 285 470 11
J 285 290 11
J 285 270 11
J 285 250 11
J 285 210 11
J 285 190 11
J 285 230 11
J 285 310 11
J 285 185 7
J 285 505 9
J 335 505 8
J 190 330 1
J 190 350 1
J 190 370 1
J 190 390 1
J 190 410 1
J 190 430 1
J 190 450 1
J 190 470 1
J 190 490 1
J 190 290 1
J 190 270 1
J 190 250 1
J 190 210 1
J 190 190 1
J 190 230 1
J 190 310 1
B 18 19
L 230 510 14 0 3 0 1 0 DMB[15:0]STAT1
B 1 18
B 10 16
S 35 16
L 195 310 14 0 3 0 1 0 DMB9STAT1
B 13 15
S 34 15
L 195 230 14 0 3 0 1 0 DMB13STAT1
B 17 14
S 33 14
L 195 190 14 0 3 0 1 0 DMB15STAT1
B 14 13
S 32 13
L 195 210 14 0 3 0 1 0 DMB14STAT1
B 15 12
S 31 12
L 195 250 14 0 3 0 1 0 DMB12STAT1
B 12 11
S 30 11
L 195 270 14 0 3 0 1 0 DMB11STAT1
B 11 10
S 29 10
L 195 290 14 0 3 0 1 0 DMB10STAT1
S 28 1
L 195 490 14 0 3 0 1 0 DMB0STAT1
B 8 9
S 27 9
L 195 470 14 0 3 0 1 0 DMB1STAT1
B 7 8
S 26 8
L 195 450 14 0 3 0 1 0 DMB2STAT1
B 6 7
S 25 7
L 195 430 14 0 3 0 1 0 DMB3STAT1
B 5 6
S 24 6
L 195 410 14 0 3 0 1 0 DMB4STAT1
B 4 5
S 23 5
L 195 390 14 0 3 0 1 0 DMB5STAT1
B 3 4
S 22 4
L 195 370 14 0 3 0 1 0 DMB6STAT1
B 2 3
S 21 3
L 195 350 14 0 3 0 1 0 DMB7STAT1
B 16 2
S 20 2
L 195 330 14 0 3 0 1 0 DMB8STAT1
B 9 1
N 4618
J 230 525 7
J 335 525 8
B 1 2
L 230 530 14 0 3 0 1 1 DMB[15:0]STAT0
N 4638
J 330 670 8
J 225 670 7
B 2 1
L 225 675 14 0 3 0 1 1 DMB[15:0]STAT0
N 4558
J 630 1040 8
J 525 1040 8
B 2 1
L 525 1045 14 0 3 0 1 1 DMB[15:0]STAT0
N 4554
J 350 1040 7
J 455 1040 8
B 1 2
L 350 1045 14 0 3 0 1 0 DMB[15:0]STAT0
N 4446
J 525 1005 11
J 525 985 11
J 525 965 11
J 525 945 11
J 525 925 11
J 525 905 11
J 525 885 11
J 525 865 11
J 525 845 11
J 525 825 11
J 525 805 11
J 525 785 11
J 525 765 11
J 525 745 11
J 525 725 11
J 525 705 9
J 525 1020 9
J 630 1020 8
J 425 725 1
J 425 745 1
J 425 765 1
J 425 785 1
J 425 805 1
J 425 825 1
J 425 845 1
J 425 865 1
J 425 885 1
J 425 905 1
J 425 925 1
J 425 945 1
J 425 965 1
J 425 985 1
J 425 1005 1
J 425 705 1
B 1 17
B 2 1
B 17 18
L 525 1025 14 0 3 0 1 0 DMB[15:0]STAT3
B 16 15
S 33 1
L 430 1005 14 0 3 0 1 0 DMB0STAT3
S 32 2
L 430 985 14 0 3 0 1 0 DMB1STAT3
S 31 3
L 430 965 14 0 3 0 1 0 DMB2STAT3
S 30 4
L 430 945 14 0 3 0 1 0 DMB3STAT3
S 29 5
L 430 925 14 0 3 0 1 0 DMB4STAT3
S 28 6
L 430 905 14 0 3 0 1 0 DMB5STAT3
S 27 7
L 430 885 14 0 3 0 1 0 DMB6STAT3
S 26 8
L 430 865 14 0 3 0 1 0 DMB7STAT3
S 25 9
L 430 845 14 0 3 0 1 0 DMB8STAT3
S 24 10
L 430 825 14 0 3 0 1 0 DMB9STAT3
S 23 11
L 430 805 14 0 3 0 1 0 DMB10STAT3
S 22 12
L 430 785 14 0 3 0 1 0 DMB11STAT3
S 21 13
L 430 765 14 0 3 0 1 0 DMB12STAT3
S 20 14
L 430 745 14 0 3 0 1 0 DMB13STAT3
S 19 15
L 430 725 14 0 3 0 1 0 DMB14STAT3
B 15 14
B 14 13
B 13 12
B 12 11
B 11 10
B 10 9
B 9 8
B 8 7
B 7 6
B 6 5
B 5 4
B 4 3
B 3 2
S 34 16
L 430 705 14 0 3 0 1 0 DMB15STAT3
I 111 PAGE 1 0 0 0 1 '
I 4567 OR16_BUS 1 800 1000 0 1 '
C 4565 2 10 0
C 4564 1 9 0
I 4635 16AND2 1 330 630 0 1 '
C 4638 1 18 0
C 4429 34 19 0
C 4639 2 20 0
I 4636 OR16_BUS 1 500 630 0 1 '
C 4430 1 10 0
C 4639 1 9 0
N 4616
J 415 515 8
J 505 515 8
B 1 2
L 405 520 14 0 3 0 1 0 DDU_WARN[15:0]
I 4562 16AND2 1 630 1000 0 1 '
C 4558 1 18 0
C 4446 18 19 0
C 4564 2 20 0
N 4564
J 800 1030 8
J 710 1030 8
B 2 1
L 700 1035 14 0 3 0 1 0 DDU_ERR[15:0]
N 4639
J 500 660 8
J 410 660 8
B 2 1
L 400 665 14 0 3 0 1 0 DDU_SYNC[15:0]
I 4555 virtex2p:INV16 1 455 1030 0 1 '
C 4558 2 1 0
C 4554 2 2 0
T 360 690 30 0 9 Ready
Q 11 0 0
T 315 240 20 0 3 4
Q 13 0 0
T 315 220 20 0 3 2
Q 13 0 0
T 315 180 20 0 3 5
Q 13 0 0
T 315 200 20 0 3 3
Q 13 0 0
T 315 160 20 0 3 1
Q 13 0 0
T 335 220 24 0 3 0010: Lost Sync, need SyncReset (both BLINK)
Q 14 0 0
T 335 200 24 0 3 0100: BUSY (Yel ON)
Q 14 0 0
T 335 180 24 0 3 1000: Ready  {DDU Ready == !Busy} (Grn ON)
Q 14 0 0
T 335 160 24 0 3 1100: Error, need HardReset (Yel BLINK)
Q 14 0 0
T 1520 30 25 0 3 D785
Q 11 0 0
T 615 20 20 0 3 DDU VME Controller Logic
Q 11 0 0
T 615 40 20 0 3 VME Communication Interface
Q 11 0 0
T 1290 35 25 0 3 1
Q 11 0 0
T 1144 30 25 0 3 JRG
Q 11 0 0
T 616 -2 20 0 3 CMS CSC Electronics
Q 11 0 0
T 1632 1 25 0 3 2F
Q 11 0 0
T 655 1060 30 0 9 Ready
Q 11 0 0
T 420 1060 30 0 9 Busy
Q 11 0 0
T 410 980 30 0 9 Error
Q 11 0 0
T 335 240 24 0 3 0001: Warning/NearFULL (Grn ON, Yel BLINK)
Q 14 0 0
U 1550 0 20 0 3 3 @SHEET=14
U 1510 0 20 0 9 3 @NAME=VMECNTRL
U 1310 5 20 0 9 3 @DATETIME=1-17-2008_17:05
T 290 260 35 0 3 REAL_FMM 4-bit-decode definitions
Q 14 3 0
I 5071 virtex2p:SR4CE 1 1440 265 0 1 '
C 5052 1 15 0
X 12 0
X 11 0
C 5041 1 10 0
C 5061 2 4 0
C 5056 1 14 0
C 5046 1 16 0
C 5055 1 3 0
I 5070 virtex2p:VCC 1 1415 305 1 1 '
C 5046 2 2 0
I 5069 virtex2p:FDCE 1 1265 285 0 1 '
C 5052 2 4 0
C 5042 2 1 0
C 5063 1 6 0
C 5047 1 2 0
C 5054 2 3 0
I 5072 virtex2p:AND3 1 1100 195 0 1 '
C 5059 3 7 0
C 5057 1 1 0
C 5043 1 2 0
C 5060 2 3 0
I 5067 virtex2p:AND3 1 965 150 0 1 '
C 5049 2 3 0
C 5050 2 2 0
C 5048 2 1 0
C 5060 5 7 0
N 5061
J 1630 365 1
J 1560 365 2
S 2 1
L 1550 365 10 0 3 0 1 0 FED_AGAIN+1
N 4430
J 580 660 2
J 655 660 2
S 1 2
L 565 660 20 0 3 0 1 0 FMM_SYNC-1
N 4565
J 980 1030 2
J 880 1030 2
S 2 1
L 880 1030 20 0 3 0 1 0 FMM_ERR-1
I 5068 virtex2p:OR2 1 1125 265 0 1 '
C 5053 2 7 0
C 5051 1 9 0
C 5063 2 10 0
I 5065 virtex2p:FDC 1 1130 110 0 1 '
C 5062 2 4 0
C 5060 1 1 0
C 5045 2 6 0
C 5044 2 3 0
I 5083 virtex2p:SOP3B1A 1 1305 230 6 1 '
C 5058 1 6 0
C 5080 1 3 0
C 5062 1 4 0
C 5059 1 5 0
N 5080
J 1305 170 2
J 1245 170 1
S 2 1
L 1250 170 14 0 3 0 1 0 VME_NOT_READY
N 5059
J 1305 210 2
J 1290 210 3
J 1180 235 2
J 1290 235 3
S 2 1
S 3 4
L 1175 235 10 0 3 0 1 0 FMM_ERROR_TEMP_ENABLE
S 2 4
N 5058
J 1425 180 2
J 1565 180 1
S 1 2
L 1415 180 14 0 3 0 1 0 FMM_ERROR_DISABLE
N 5082
J 980 960 2
J 845 960 1
S 2 1
L 850 960 14 0 3 0 1 0 FMM_ERROR_DISABLE
N 5079
J 980 990 2
J 935 990 1
S 2 1
L 945 990 18 0 3 0 1 0 CLK
I 5078 virtex2p:FDR 1 980 950 0 1 '
C 5082 1 6 0
C 5074 1 4 0
C 4565 1 1 0
C 5079 1 3 0
N 4464
J 680 515 2
J 585 515 2
S 2 1
L 570 515 20 0 3 0 1 0 FMM_WARN-1
N 5077
J 905 515 1
J 800 515 2
S 2 1
L 790 515 20 0 3 0 1 0 FMM_WARN
N 5076
J 870 660 1
J 775 660 2
S 2 1
L 765 660 20 0 3 0 1 0 FMM_SYNC
T 1255 120 20 0 3 FMM Error Disable:  set FED with bit3 high for
Q 11 0 0
T 1200 80 20 0 3 Keep bit3 low to initiate or continue F.E.D. condition.
Q 11 0 0
T 1200 100 20 0 3 temporary 200ns FMM_Error_Enable during F.E.D. state.
Q 11 0 0
I 4498 virtex2p:OR16 1 1110 575 0 1 '
C 4480 2 13 0
C 4480 34 12 0
C 4480 27 14 0
C 4480 22 16 0
C 4480 23 17 0
C 4480 24 18 0
C 4480 25 19 0
C 4480 26 20 0
C 4480 33 5 0
C 4480 20 4 0
C 4480 32 3 0
C 4480 31 1 0
C 4480 21 8 0
C 4480 29 9 0
C 4480 28 10 0
C 4773 2 6 0
C 4480 30 7 0
I 5084 virtex2p:FDR 1 1290 665 0 1 '
C 5085 2 3 0
C 4773 1 1 0
C 5075 1 4 0
C 5086 2 6 0
T 1135 910 30 0 9 Busy
Q 11 0 0
I 4617 16AND2 1 335 485 0 1 '
C 4616 1 20 0
C 4463 19 19 0
C 4618 2 18 0
T 365 545 30 0 9 Ready
Q 11 0 0
I 4615 OR16_BUS 1 505 485 0 1 '
C 4616 2 9 0
C 4464 2 10 0
I 5090 virtex2p:FDR 1 680 435 0 1 '
C 5091 2 3 0
C 4464 1 1 0
C 5077 2 4 0
C 5092 2 6 0
T 175 230 30 0 9 Warn
Q 11 0 0
T 140 655 30 0 9 Lost Sync
Q 11 0 0
T 20 1060 24 0 3 use "DMB15" for DDU_Ctrl status
Q 13 0 0
b 870 65 1680 450
Q 11 0 0
T 1665 415 30 0 9 Allows IRQ-Handler to control Error Signals & Reset conditions
+ 
Q 13 1 0
T 1625 445 60 0 9 FMM Error Report Disable
Q 11 0 0
T 785 470 40 0 3 Warning ./
Q 13 0 0
T 760 615 40 0 3 Sync Lost ./
Q 13 0 0
T 1090 990 40 0 3 Ready + Error ./
Q 13 0 0
T 1395 700 40 0 3 BUSY + Error ./
Q 13 0 0
T 1420 145 30 0 3 "FED"
Q 11 1 0
E
